0 0.09038 0.13146 0.08122 0.06761 0.10959 0.13518 2 
0 0.16150 0.25376 0.09577 0.08967 0.12580 0.22090 2 
0 0.17130 0.63043 0.09797 0.08058 0.13161 0.64419 2 
0 0.10087 0.76870 0.06957 0.04754 0.11734 0.75887 2 
0 0.09942 0.82667 0.06319 0.05913 0.11774 0.83669 2 
0 0.15565 0.94116 0.08290 0.08638 0.12500 0.92298 2 
0 0.83516 0.60586 0.09844 0.08516 0.80104 0.59067 2 
0 0.75703 0.49023 0.09375 0.10078 0.78964 0.49585 2 
0 0.76797 0.37812 0.09688 0.08906 0.80207 0.37150 2 
0 0.83945 0.26758 0.09609 0.09141 0.80207 0.29430 2 
