0 0.01536 0.18660 0.01255 0.00795 0.01063 0.18474 2 
0 0.01416 0.41630 0.01326 0.00742 0.00988 0.41518 2 
0 0.19030 0.02479 0.01293 0.00844 0.19423 0.02632 2 
0 0.20766 0.02739 0.02041 0.01610 0.20279 0.02962 2 
0 0.19507 0.04930 0.01408 0.00598 0.19947 0.04921 2 
0 0.20981 0.04647 0.01454 0.01072 0.20644 0.04670 2 
0 0.19679 0.24614 0.02145 0.00622 0.20142 0.24712 2 
0 0.20884 0.26752 0.01890 0.01792 0.20541 0.26779 2 
0 0.19293 0.28855 0.01617 0.00718 0.19725 0.28868 2 
0 0.19580 0.47540 0.02292 0.00643 0.20209 0.47698 2 
0 0.20910 0.49140 0.01860 0.02097 0.20571 0.48747 2 
0 0.19650 0.50637 0.02041 0.00706 0.20117 0.50677 2 
0 0.19871 0.70927 0.03178 0.01621 0.20619 0.71186 2 
0 0.19895 0.73026 0.03167 0.01951 0.20150 0.72523 2 
0 0.21036 0.91617 0.01735 0.01278 0.20751 0.91612 2 
0 0.19347 0.94121 0.02838 0.01107 0.20058 0.94219 2 
0 0.20777 0.96176 0.01735 0.01224 0.20515 0.96053 2 
0 0.39153 0.11346 0.01798 0.01253 0.39687 0.11702 2 
0 0.40539 0.13803 0.01968 0.01207 0.40234 0.13483 2 
0 0.40348 0.18957 0.01564 0.00643 0.40144 0.19071 2 
0 0.39408 0.20608 0.01500 0.00709 0.39825 0.20569 2 
0 0.39209 0.33701 0.01535 0.00882 0.39679 0.33834 2 
0 0.40618 0.35912 0.02150 0.01286 0.39879 0.35582 2 
0 0.40357 0.40692 0.02414 0.01074 0.40002 0.41018 2 
0 0.39637 0.42575 0.02390 0.00716 0.39904 0.42508 2 
0 0.39282 0.56434 0.01716 0.01134 0.39698 0.56700 2 
0 0.40486 0.58648 0.02168 0.01333 0.40151 0.58424 2 
0 0.40208 0.63199 0.02173 0.00902 0.40154 0.63384 2 
0 0.39725 0.65079 0.02203 0.00630 0.40180 0.65095 2 
0 0.39553 0.79530 0.02451 0.01017 0.40020 0.79751 2 
0 0.40114 0.81477 0.01892 0.00769 0.39723 0.81442 2 
0 0.40372 0.83715 0.02126 0.00762 0.40133 0.83900 2 
0 0.39539 0.85776 0.01941 0.01253 0.39879 0.85487 2 
0 0.52061 0.13509 0.01588 0.00524 0.52105 0.13512 2 
0 0.51836 0.15047 0.01345 0.00908 0.51818 0.15066 2 
0 0.51646 0.17374 0.01405 0.00845 0.51933 0.17571 2 
0 0.52227 0.19083 0.01664 0.00903 0.52128 0.19098 2 
0 0.52256 0.35319 0.02061 0.00476 0.51627 0.35363 2 
0 0.51535 0.36985 0.01820 0.00710 0.51814 0.36972 2 
0 0.51631 0.39627 0.01353 0.00766 0.52036 0.39789 2 
0 0.52460 0.41526 0.01071 0.01233 0.52150 0.41208 2 
0 0.52070 0.57434 0.01834 0.00959 0.51975 0.57671 2 
0 0.51806 0.59346 0.01499 0.00848 0.51955 0.59428 2 
0 0.51696 0.62394 0.01415 0.00749 0.51948 0.62530 2 
0 0.52561 0.64335 0.01449 0.01480 0.52085 0.63954 2 
0 0.52036 0.78040 0.01399 0.00524 0.51833 0.78033 2 
0 0.51852 0.79896 0.01392 0.00731 0.51902 0.79924 2 
0 0.51762 0.85453 0.01533 0.00796 0.51852 0.85536 2 
0 0.52196 0.87457 0.01698 0.01194 0.51829 0.87210 2 
0 0.72003 0.04794 0.01607 0.00605 0.71870 0.04852 2 
0 0.71271 0.06499 0.02073 0.01959 0.71749 0.06443 2 
0 0.72101 0.08245 0.02013 0.01214 0.71670 0.07961 2 
0 0.71581 0.26187 0.02909 0.01509 0.71438 0.26155 2 
0 0.71629 0.28467 0.02868 0.01741 0.71220 0.28529 2 
0 0.71575 0.48609 0.02439 0.01800 0.71865 0.48435 2 
0 0.71679 0.50889 0.02647 0.02114 0.71735 0.50053 2 
0 0.72162 0.69439 0.01735 0.00536 0.71712 0.69465 2 
0 0.71076 0.71269 0.02274 0.01833 0.71675 0.71382 2 
0 0.72617 0.73062 0.01875 0.01607 0.71986 0.72826 2 
0 0.71427 0.93402 0.01814 0.01150 0.71814 0.93641 2 
0 0.72461 0.94439 0.01545 0.00830 0.71861 0.94612 2 
0 0.71406 0.96230 0.01810 0.02237 0.71786 0.95416 2 
0 0.80329 0.01466 0.01039 0.00866 0.80695 0.01303 2 
0 0.80266 0.11526 0.01077 0.01039 0.80521 0.11590 2 
0 0.81390 0.13512 0.01564 0.01064 0.80947 0.13339 2 
0 0.81401 0.21495 0.01334 0.00934 0.80969 0.21672 2 
0 0.80318 0.23361 0.01137 0.00977 0.80562 0.23304 2 
0 0.80157 0.31443 0.01361 0.00996 0.80458 0.31552 2 
0 0.81308 0.33439 0.01553 0.00990 0.80887 0.33340 2 
0 0.81534 0.43721 0.01482 0.00878 0.81190 0.43877 2 
0 0.80285 0.45883 0.01192 0.01046 0.80622 0.45694 2 
0 0.80209 0.53678 0.01192 0.01145 0.80525 0.53717 2 
0 0.81228 0.55429 0.01230 0.01070 0.80906 0.55381 2 
0 0.81764 0.63846 0.01678 0.00854 0.81332 0.64092 2 
0 0.80266 0.66107 0.01175 0.00984 0.80632 0.65924 2 
0 0.80181 0.76293 0.01181 0.00891 0.80465 0.76396 2 
0 0.81179 0.78072 0.01164 0.00959 0.80900 0.78035 2 
0 0.81308 0.89368 0.01279 0.00996 0.81093 0.89428 2 
0 0.80302 0.91252 0.01137 0.00928 0.80622 0.91131 2 
0 0.80173 0.98998 0.01208 0.00953 0.80503 0.99211 2 
0 0.86039 0.15289 0.01051 0.00619 0.86385 0.15408 2 
0 0.87098 0.17335 0.00830 0.01077 0.86855 0.17060 2 
0 0.86113 0.19698 0.01491 0.00956 0.86633 0.19462 2 
0 0.86121 0.35356 0.01369 0.00913 0.86423 0.35484 2 
0 0.87360 0.37331 0.01346 0.01038 0.87012 0.37201 2 
0 0.87597 0.39806 0.01468 0.00874 0.87176 0.40040 2 
0 0.86039 0.42099 0.01418 0.00969 0.86327 0.42052 2 
0 0.86071 0.57340 0.01346 0.00783 0.86442 0.57524 2 
0 0.87086 0.59151 0.00791 0.00813 0.86878 0.59052 2 
0 0.87172 0.60164 0.00833 0.00632 0.87203 0.60120 2 
0 0.86293 0.62245 0.00986 0.00727 0.86519 0.62132 2 
0 0.85983 0.79920 0.01185 0.00614 0.86197 0.80045 2 
0 0.87293 0.81862 0.01266 0.00952 0.87035 0.81823 2 
0 0.87318 0.85328 0.01178 0.00865 0.87214 0.85311 2 
0 0.86152 0.87461 0.01254 0.00822 0.86457 0.87284 2 
0 0.95591 0.12718 0.01239 0.01009 0.95178 0.12924 2 
0 0.94594 0.14350 0.01133 0.01231 0.94994 0.14301 2 
0 0.94375 0.20226 0.01314 0.00932 0.94847 0.20421 2 
0 0.95523 0.22171 0.01314 0.01299 0.95070 0.21982 2 
0 0.95587 0.35389 0.01307 0.00932 0.95152 0.35636 2 
0 0.94602 0.37098 0.01239 0.01222 0.94950 0.37061 2 
0 0.94288 0.40150 0.01548 0.01017 0.94659 0.40248 2 
0 0.95625 0.42026 0.01488 0.01368 0.95107 0.41851 2 
0 0.95610 0.55483 0.01291 0.01103 0.95173 0.55671 2 
0 0.94526 0.57350 0.01344 0.01009 0.94934 0.57134 2 
0 0.94383 0.62274 0.01465 0.01197 0.94876 0.62435 2 
0 0.95712 0.64085 0.01707 0.01265 0.95141 0.63844 2 
0 0.95621 0.80256 0.01299 0.00940 0.95162 0.80514 2 
0 0.94424 0.82299 0.01427 0.00957 0.94923 0.82051 2 
0 0.94319 0.84415 0.01412 0.00966 0.94732 0.84627 2 
0 0.95704 0.86316 0.01646 0.01436 0.95068 0.86075 2 
