0 0.18719 0.02580 0.01408 0.01053 0.18807 0.02724 2 
0 0.20480 0.02997 0.01880 0.01213 0.20291 0.03040 2 
0 0.20095 0.05088 0.02971 0.01608 0.19896 0.05276 2 
0 0.01363 0.20415 0.01214 0.00711 0.00937 0.20270 2 
0 0.01601 0.44413 0.01645 0.00875 0.01129 0.44253 2 
0 0.01195 0.66176 0.01439 0.00792 0.00667 0.65994 2 
0 0.01467 0.90871 0.01926 0.00984 0.00742 0.90595 2 
0 0.20656 0.15804 0.02056 0.01284 0.19858 0.16157 2 
0 0.19378 0.18103 0.01618 0.01055 0.19738 0.17951 2 
0 0.19512 0.26373 0.02597 0.00813 0.20410 0.26545 2 
0 0.20507 0.28331 0.01670 0.02128 0.20205 0.28441 2 
0 0.19300 0.29962 0.01517 0.01001 0.19719 0.29840 2 
0 0.19227 0.50345 0.01711 0.00769 0.19555 0.50484 2 
0 0.20410 0.52274 0.01406 0.01246 0.20217 0.52247 2 
0 0.19736 0.53981 0.01722 0.00709 0.19877 0.53898 2 
0 0.20928 0.63584 0.02630 0.01127 0.20704 0.63858 2 
0 0.19476 0.72322 0.02525 0.01140 0.20225 0.72455 2 
0 0.20893 0.74490 0.02056 0.01352 0.20695 0.74458 2 
0 0.19171 0.76618 0.02033 0.01021 0.19723 0.76471 2 
0 0.18638 0.96529 0.01494 0.00908 0.18966 0.96696 2 
0 0.20515 0.98031 0.01394 0.00994 0.20390 0.98270 2 
0 0.40321 0.07692 0.01411 0.01023 0.39993 0.07771 2 
0 0.39354 0.09632 0.01277 0.01125 0.39700 0.09469 2 
0 0.39578 0.11859 0.01396 0.00866 0.39650 0.12056 2 
0 0.40301 0.13686 0.02137 0.00697 0.40018 0.13737 2 
0 0.40134 0.19678 0.01356 0.00815 0.40038 0.19872 2 
0 0.39282 0.21629 0.01183 0.01040 0.39665 0.21598 2 
0 0.39978 0.35074 0.01620 0.00815 0.39869 0.35127 2 
0 0.40303 0.37194 0.01734 0.01276 0.39988 0.36898 2 
0 0.40308 0.43854 0.01635 0.00900 0.39973 0.44051 2 
0 0.39456 0.45839 0.01262 0.00945 0.39799 0.45760 2 
0 0.40122 0.54777 0.01848 0.00647 0.39784 0.54802 2 
0 0.40038 0.56436 0.01829 0.00635 0.40410 0.56461 2 
0 0.39379 0.59618 0.01088 0.00894 0.39705 0.59835 2 
0 0.40087 0.61547 0.01511 0.00737 0.40047 0.61634 2 
0 0.40276 0.66495 0.01580 0.00613 0.39884 0.66565 2 
0 0.39536 0.68491 0.01540 0.01063 0.39854 0.68292 2 
0 0.39317 0.81416 0.01312 0.00888 0.39570 0.81489 2 
0 0.40192 0.83685 0.01759 0.00962 0.40023 0.83547 2 
0 0.40293 0.90120 0.01674 0.00742 0.39859 0.90199 2 
0 0.39797 0.92102 0.02042 0.01063 0.40206 0.91892 2 
0 0.52047 0.02209 0.01465 0.00668 0.51682 0.02236 2 
0 0.51720 0.03855 0.01257 0.00808 0.51894 0.03939 2 
0 0.52007 0.14185 0.01377 0.00574 0.51654 0.14187 2 
0 0.51796 0.15863 0.01329 0.00650 0.52093 0.15863 2 
0 0.51634 0.17816 0.01445 0.00808 0.51993 0.17859 2 
0 0.51940 0.19533 0.01201 0.00691 0.51786 0.19557 2 
0 0.52546 0.38333 0.01225 0.00840 0.52205 0.38464 2 
0 0.51993 0.40131 0.01277 0.00732 0.52073 0.40140 2 
0 0.51610 0.41037 0.01285 0.00601 0.51953 0.41084 2 
0 0.52063 0.43078 0.01448 0.00853 0.51798 0.43026 2 
0 0.52294 0.48576 0.02007 0.00942 0.52077 0.48758 2 
0 0.51759 0.50942 0.01754 0.00864 0.52117 0.50822 2 
0 0.51965 0.60955 0.01381 0.00492 0.51985 0.60971 2 
0 0.51888 0.62577 0.01305 0.00845 0.51922 0.62665 2 
0 0.51149 0.65490 0.01106 0.00818 0.51407 0.65610 2 
0 0.52375 0.67934 0.01082 0.00944 0.52085 0.67886 2 
0 0.51981 0.84483 0.01389 0.00583 0.51826 0.84440 2 
0 0.52003 0.86262 0.01481 0.00808 0.52249 0.86233 2 
0 0.51746 0.87640 0.01070 0.00763 0.52045 0.87746 2 
0 0.52043 0.89472 0.01249 0.00777 0.52049 0.89350 2 
0 0.71665 0.03799 0.01360 0.00952 0.71739 0.03960 2 
0 0.72082 0.05814 0.01824 0.01273 0.71813 0.05716 2 
0 0.71386 0.07606 0.01694 0.00812 0.71893 0.07648 2 
0 0.71504 0.26389 0.01669 0.01238 0.71665 0.26665 2 
0 0.72332 0.28313 0.01212 0.00875 0.71949 0.28331 2 
0 0.71946 0.30146 0.01267 0.00567 0.71875 0.30164 2 
0 0.71495 0.31948 0.01552 0.00672 0.71696 0.31927 2 
0 0.71813 0.40449 0.01051 0.00700 0.71652 0.40519 2 
0 0.71504 0.42286 0.01731 0.00903 0.71906 0.42198 2 
0 0.71182 0.49773 0.02176 0.01113 0.71659 0.50105 2 
0 0.72558 0.52197 0.02578 0.01315 0.71856 0.52071 2 
0 0.71513 0.54034 0.01416 0.00721 0.71832 0.54037 2 
0 0.71309 0.73968 0.01638 0.01308 0.71714 0.74335 2 
0 0.72261 0.76151 0.01812 0.01350 0.72042 0.76085 2 
0 0.71433 0.77960 0.01935 0.01301 0.71727 0.77827 2 
0 0.71349 0.96166 0.01719 0.01217 0.71603 0.96502 2 
0 0.72014 0.98135 0.01416 0.00763 0.72005 0.98132 2 
0 0.71819 0.99678 0.01373 0.00546 0.71912 0.99720 2 
0 0.81469 0.00411 0.01223 0.00465 0.81215 0.00486 2 
0 0.80514 0.02372 0.00734 0.00650 0.80555 0.02425 2 
0 0.95403 0.01339 0.01013 0.00981 0.95023 0.01190 2 
0 0.80174 0.09082 0.01278 0.01022 0.80532 0.09157 2 
0 0.81211 0.11037 0.01170 0.00881 0.80768 0.10844 2 
0 0.86225 0.13010 0.01242 0.00907 0.86563 0.13130 2 
0 0.87335 0.14938 0.01327 0.00884 0.86944 0.14833 2 
0 0.95575 0.16040 0.01127 0.00811 0.95229 0.16267 2 
0 0.94894 0.17849 0.00556 0.01196 0.94947 0.18126 2 
0 0.95503 0.19677 0.01182 0.01032 0.95150 0.19542 2 
0 0.87311 0.20923 0.01105 0.00853 0.87074 0.21027 2 
0 0.86291 0.22986 0.01087 0.00802 0.86668 0.22815 2 
0 0.81655 0.24668 0.01483 0.00754 0.81292 0.24895 2 
0 0.80339 0.26821 0.01024 0.00814 0.80666 0.26640 2 
0 0.95555 0.26864 0.01161 0.00919 0.95158 0.27041 2 
0 0.94661 0.28432 0.01077 0.00919 0.94966 0.28377 2 
0 0.80226 0.31855 0.01144 0.00954 0.80634 0.31976 2 
0 0.87615 0.31470 0.01297 0.00854 0.87111 0.31705 2 
0 0.81259 0.33616 0.01172 0.00943 0.80926 0.33516 2 
0 0.81509 0.35197 0.01135 0.00603 0.81284 0.35352 2 
0 0.86082 0.33629 0.01334 0.00802 0.86249 0.33558 2 
0 0.86235 0.35592 0.01176 0.00860 0.86609 0.35763 2 
0 0.87265 0.37338 0.01172 0.01069 0.86889 0.37250 2 
0 0.80203 0.37253 0.01337 0.01012 0.80503 0.37089 2 
0 0.80292 0.49056 0.01177 0.01026 0.80755 0.48827 2 
0 0.81654 0.46844 0.01561 0.00908 0.81311 0.47078 2 
0 0.80136 0.55349 0.01318 0.00908 0.80558 0.55514 2 
0 0.81363 0.57340 0.01452 0.00942 0.80886 0.57206 2 
0 0.81687 0.70786 0.01438 0.00775 0.81245 0.71028 2 
0 0.80198 0.72896 0.01326 0.01081 0.80623 0.72698 2 
0 0.80125 0.79383 0.01292 0.00934 0.80526 0.79507 2 
0 0.81445 0.81366 0.01517 0.00922 0.80883 0.81133 2 
0 0.81383 0.94343 0.01236 0.00801 0.81213 0.94401 2 
0 0.80277 0.96390 0.01123 0.00788 0.80675 0.96185 2 
0 0.87387 0.43174 0.00901 0.00539 0.87209 0.43251 2 
0 0.86427 0.45192 0.00862 0.00815 0.86642 0.45080 2 
0 0.86317 0.59317 0.01017 0.00787 0.86568 0.59417 2 
0 0.87337 0.61293 0.01170 0.00833 0.87107 0.61203 2 
0 0.87558 0.66966 0.01344 0.00855 0.87140 0.67152 2 
0 0.86197 0.69244 0.01257 0.00825 0.86535 0.69126 2 
0 0.86304 0.83367 0.01017 0.00946 0.86578 0.83398 2 
0 0.87431 0.85286 0.01438 0.00999 0.86850 0.84962 2 
0 0.87276 0.90529 0.00977 0.00852 0.87012 0.90620 2 
0 0.86182 0.92557 0.00982 0.00690 0.86444 0.92476 2 
0 0.95556 0.38331 0.01088 0.00786 0.95244 0.38455 2 
0 0.94850 0.39975 0.00597 0.00571 0.95013 0.39901 2 
0 0.94771 0.40679 0.00520 0.00626 0.94901 0.40706 2 
0 0.95345 0.42092 0.00881 0.01055 0.95103 0.42042 2 
0 0.95408 0.62249 0.00968 0.00733 0.95181 0.62439 2 
0 0.94970 0.63762 0.00458 0.00649 0.95047 0.63758 2 
0 0.95378 0.65781 0.00916 0.00953 0.95129 0.65630 2 
0 0.95509 0.85451 0.01119 0.00749 0.95323 0.85528 2 
0 0.94809 0.87324 0.00820 0.00756 0.95051 0.87215 2 
0 0.94727 0.88309 0.00691 0.00789 0.94931 0.88401 2 
0 0.95392 0.89777 0.00931 0.00981 0.95116 0.89714 2 
