0 0.20902 0.00611 0.01673 0.00931 0.20455 0.00632 2 
0 0.39275 0.07888 0.01273 0.01161 0.39695 0.07629 2 
0 0.40078 0.09359 0.01088 0.00739 0.40024 0.09315 2 
0 0.40095 0.10313 0.01113 0.00620 0.39904 0.10388 2 
0 0.39322 0.12217 0.01294 0.00718 0.39752 0.12169 2 
0 0.20604 0.18317 0.01665 0.01417 0.20366 0.18302 2 
0 0.19788 0.20484 0.01741 0.01018 0.19978 0.20779 2 
0 0.20246 0.22777 0.00985 0.01036 0.20100 0.22662 2 
0 0.20612 0.31736 0.01387 0.01140 0.20305 0.31806 2 
0 0.19666 0.41975 0.01100 0.00433 0.19855 0.41991 2 
0 0.20408 0.43731 0.01197 0.01829 0.20162 0.43773 2 
0 0.19960 0.45373 0.01455 0.00670 0.19691 0.45370 2 
0 0.20387 0.66158 0.03067 0.01320 0.20510 0.66305 2 
0 0.19985 0.68086 0.02188 0.01320 0.19786 0.68263 2 
0 0.20174 0.90802 0.02343 0.01163 0.20595 0.90865 2 
0 0.18947 0.92845 0.01123 0.00560 0.19237 0.92830 2 
0 0.20462 0.92739 0.01470 0.00783 0.20036 0.92787 2 
0 0.39910 0.22995 0.00896 0.00598 0.39801 0.22937 2 
0 0.40041 0.24662 0.01093 0.00767 0.40046 0.24534 2 
0 0.39579 0.29952 0.00757 0.00837 0.39756 0.30054 2 
0 0.39989 0.31831 0.01286 0.01034 0.40232 0.31708 2 
0 0.40007 0.35503 0.01147 0.00606 0.40142 0.35498 2 
0 0.39564 0.37168 0.01180 0.00507 0.39905 0.37123 2 
0 0.39399 0.51044 0.01155 0.01175 0.39657 0.51181 2 
0 0.40023 0.52862 0.01042 0.00861 0.40218 0.52822 2 
0 0.40129 0.58408 0.01158 0.00643 0.40373 0.58384 2 
0 0.39466 0.60390 0.01354 0.01369 0.39789 0.60118 2 
0 0.39865 0.75150 0.01249 0.00713 0.39750 0.75227 2 
0 0.40223 0.77090 0.01841 0.01032 0.40187 0.76919 2 
0 0.40285 0.82892 0.01514 0.00892 0.40235 0.83072 2 
0 0.39414 0.84830 0.01197 0.01130 0.39688 0.84658 2 
0 0.51851 0.04642 0.00815 0.00522 0.51939 0.04678 2 
0 0.51881 0.06481 0.01009 0.00639 0.51919 0.06469 2 
0 0.51857 0.13374 0.01205 0.00753 0.51632 0.13486 2 
0 0.52451 0.15046 0.01107 0.00675 0.52131 0.15056 2 
0 0.52617 0.17389 0.01237 0.00583 0.52246 0.17400 2 
0 0.51946 0.19125 0.01183 0.00694 0.51900 0.19083 2 
0 0.52662 0.29847 0.01318 0.00561 0.52518 0.29781 2 
0 0.51902 0.31639 0.01173 0.00806 0.52251 0.31586 2 
0 0.51717 0.35707 0.01382 0.00881 0.51787 0.35839 2 
0 0.52247 0.37467 0.02054 0.00850 0.51978 0.37431 2 
0 0.52270 0.52619 0.01948 0.00952 0.52069 0.52889 2 
0 0.51704 0.54698 0.01515 0.01001 0.51934 0.54503 2 
0 0.51765 0.56928 0.01296 0.00878 0.52047 0.57025 2 
0 0.52497 0.58873 0.01248 0.01302 0.52172 0.58592 2 
0 0.52185 0.77351 0.01754 0.00808 0.51939 0.77550 2 
0 0.51319 0.79442 0.01373 0.01024 0.51706 0.79153 2 
0 0.51730 0.81114 0.01233 0.00945 0.52030 0.81236 2 
0 0.52127 0.82960 0.01313 0.01032 0.51954 0.82764 2 
0 0.52213 0.98101 0.01922 0.00497 0.51794 0.98144 2 
0 0.72264 0.08794 0.00941 0.00500 0.72047 0.08775 2 
0 0.71572 0.10422 0.01591 0.00704 0.71969 0.10442 2 
0 0.72019 0.21443 0.01569 0.00493 0.71672 0.21403 2 
0 0.71405 0.22714 0.01827 0.01399 0.71981 0.23014 2 
0 0.72015 0.23880 0.01457 0.00759 0.71856 0.23819 2 
0 0.72302 0.43967 0.01209 0.00431 0.72167 0.43978 2 
0 0.71298 0.44588 0.01974 0.00611 0.71755 0.44661 2 
0 0.71601 0.46157 0.02174 0.00951 0.71645 0.46097 2 
0 0.71303 0.65622 0.01864 0.01072 0.71826 0.65831 2 
0 0.72207 0.67451 0.00962 0.00742 0.72015 0.67497 2 
0 0.72400 0.68821 0.01218 0.00541 0.72111 0.68808 2 
0 0.71491 0.70775 0.01712 0.01142 0.72025 0.70539 2 
0 0.71392 0.89325 0.01718 0.00555 0.71954 0.89306 2 
0 0.72030 0.90023 0.01646 0.00495 0.72052 0.90011 2 
0 0.71952 0.90935 0.01502 0.00664 0.71583 0.90906 2 
0 0.71340 0.91918 0.01871 0.00679 0.71757 0.91850 2 
0 0.80504 0.03264 0.00586 0.00562 0.80675 0.03353 2 
0 0.80965 0.03875 0.00490 0.00509 0.80822 0.03900 2 
0 0.80972 0.04846 0.00794 0.00723 0.80781 0.04656 2 
0 0.81081 0.16341 0.00787 0.00577 0.80800 0.16444 2 
0 0.80598 0.17659 0.00615 0.00876 0.80749 0.17686 2 
0 0.80520 0.27780 0.00632 0.00812 0.80687 0.27664 2 
0 0.80934 0.29092 0.00718 0.00786 0.80739 0.29078 2 
0 0.80917 0.39246 0.00539 0.00752 0.80785 0.39283 2 
0 0.80593 0.40302 0.00605 0.00827 0.80749 0.40369 2 
0 0.80517 0.50034 0.00638 0.00734 0.80687 0.49958 2 
0 0.81005 0.51243 0.00814 0.00786 0.80761 0.51256 2 
0 0.81042 0.63865 0.00757 0.00743 0.80889 0.63708 2 
0 0.80573 0.65276 0.00582 0.00587 0.80739 0.65089 2 
0 0.80537 0.71109 0.00596 0.00681 0.80587 0.71108 2 
0 0.80971 0.72613 0.00760 0.00724 0.80800 0.72711 2 
0 0.81042 0.85078 0.00740 0.00665 0.80803 0.84964 2 
0 0.80571 0.86418 0.00654 0.00834 0.80746 0.86297 2 
0 0.80487 0.94696 0.00645 0.00607 0.80577 0.94625 2 
0 0.80976 0.96312 0.00797 0.00789 0.80785 0.96433 2 
0 0.86549 0.01613 0.00515 0.00542 0.86649 0.01531 2 
0 0.86481 0.07036 0.00692 0.00701 0.86686 0.07214 2 
0 0.87000 0.08447 0.00781 0.00811 0.86767 0.08356 2 
0 0.87080 0.12391 0.00652 0.00701 0.86863 0.12496 2 
0 0.86573 0.14080 0.00555 0.00674 0.86699 0.13958 2 
0 0.95317 0.07628 0.00773 0.00756 0.95110 0.07545 2 
0 0.94907 0.08893 0.00612 0.00811 0.95035 0.08903 2 
0 0.94750 0.12131 0.00684 0.00838 0.94930 0.11981 2 
0 0.95269 0.13306 0.00869 0.00874 0.95049 0.13408 2 
0 0.86482 0.31668 0.00720 0.00835 0.86606 0.31613 2 
0 0.86990 0.33104 0.00683 0.00721 0.86895 0.33220 2 
0 0.87174 0.35302 0.00849 0.00804 0.86982 0.35095 2 
0 0.86544 0.36620 0.00724 0.00966 0.86592 0.36762 2 
0 0.95408 0.30383 0.00927 0.00815 0.95144 0.30360 2 
0 0.94819 0.31553 0.00757 0.00877 0.94951 0.31752 2 
0 0.94789 0.36479 0.00669 0.00841 0.94934 0.36472 2 
0 0.95218 0.37936 0.00743 0.00966 0.95124 0.37959 2 
0 0.86574 0.53782 0.00554 0.00693 0.86603 0.53697 2 
0 0.86948 0.55176 0.00649 0.00856 0.86922 0.55339 2 
0 0.87151 0.59858 0.00809 0.00689 0.87018 0.59731 2 
0 0.86453 0.61616 0.00747 0.00585 0.86625 0.61475 2 
0 0.95265 0.55044 0.00649 0.00719 0.95157 0.55011 2 
0 0.94870 0.56148 0.00662 0.00844 0.95037 0.56122 2 
0 0.94803 0.58659 0.00581 0.00841 0.94926 0.58642 2 
0 0.95326 0.59986 0.00880 0.00917 0.95098 0.60150 2 
0 0.86493 0.98790 0.00679 0.00845 0.86509 0.98643 2 
0 0.95347 0.99193 0.00791 0.00835 0.95206 0.99016 2 
0 0.86582 0.75162 0.00551 0.00728 0.86656 0.75093 2 
0 0.87036 0.76504 0.00738 0.00856 0.86786 0.76461 2 
0 0.87209 0.81083 0.00914 0.00776 0.86886 0.81099 2 
0 0.86442 0.82797 0.00763 0.00682 0.86674 0.82686 2 
0 0.95359 0.76210 0.00812 0.00804 0.95119 0.76070 2 
0 0.94862 0.77468 0.00711 0.00982 0.95057 0.77461 2 
0 0.94761 0.80077 0.00631 0.00978 0.94898 0.80029 2 
0 0.95208 0.81508 0.00744 0.00943 0.95122 0.81556 2 
