0 0.01201 0.16037 0.01153 0.00529 0.00859 0.15981 2 
0 0.01186 0.39491 0.01381 0.00607 0.00714 0.39367 2 
0 0.01167 0.62179 0.01073 0.00450 0.00903 0.62168 2 
0 0.01112 0.83598 0.00865 0.00664 0.00873 0.83502 2 
0 0.20915 0.00798 0.02530 0.01301 0.20357 0.00662 2 
0 0.19587 0.02486 0.02210 0.00738 0.19533 0.02434 2 
0 0.19455 0.22312 0.02147 0.00551 0.19856 0.22373 2 
0 0.20790 0.23440 0.02070 0.00742 0.20176 0.23580 2 
0 0.20792 0.24313 0.02086 0.00818 0.20300 0.24186 2 
0 0.19601 0.25307 0.02306 0.00881 0.19966 0.25342 2 
0 0.21351 0.43750 0.03430 0.01140 0.20465 0.43812 2 
0 0.19176 0.45842 0.03171 0.01407 0.19760 0.45776 2 
0 0.21037 0.47761 0.02455 0.01095 0.20442 0.47668 2 
0 0.20087 0.68037 0.04715 0.01693 0.20501 0.68465 2 
0 0.20093 0.70504 0.04640 0.01901 0.20598 0.70289 2 
0 0.19366 0.89723 0.02778 0.00889 0.19608 0.89863 2 
0 0.20768 0.91807 0.02122 0.02153 0.20456 0.92118 2 
0 0.19579 0.93700 0.02419 0.00865 0.20007 0.93698 2 
0 0.39739 0.07899 0.02138 0.00537 0.39683 0.07854 2 
0 0.40366 0.09752 0.02548 0.00729 0.40155 0.09736 2 
0 0.40471 0.15453 0.02548 0.00716 0.39884 0.15437 2 
0 0.39704 0.17131 0.01681 0.00663 0.39902 0.17103 2 
0 0.39875 0.31322 0.01379 0.00782 0.39763 0.31459 2 
0 0.40306 0.33323 0.01703 0.00988 0.39933 0.33125 2 
0 0.40197 0.35486 0.01472 0.00904 0.40187 0.35628 2 
0 0.40053 0.37309 0.01283 0.00935 0.39867 0.37140 2 
0 0.39899 0.54838 0.01338 0.00665 0.40025 0.54947 2 
0 0.40042 0.56834 0.01726 0.01063 0.39826 0.56653 2 
0 0.40225 0.60373 0.01431 0.00831 0.40270 0.60556 2 
0 0.40076 0.62166 0.00860 0.00893 0.40125 0.62053 2 
0 0.40153 0.77433 0.01381 0.00607 0.39995 0.77511 2 
0 0.39928 0.79464 0.01483 0.00977 0.39875 0.79306 2 
0 0.39934 0.83399 0.01112 0.00594 0.40135 0.83444 2 
0 0.40105 0.85158 0.01149 0.00825 0.40032 0.85053 2 
0 0.39672 0.98896 0.01783 0.00475 0.39978 0.98903 2 
0 0.51872 0.09650 0.01074 0.00537 0.51624 0.09665 2 
0 0.51556 0.11481 0.01736 0.00741 0.51601 0.11481 2 
0 0.51608 0.13909 0.01768 0.00556 0.51977 0.13885 2 
0 0.52119 0.15544 0.01569 0.00772 0.51649 0.15538 2 
0 0.51826 0.29860 0.01606 0.00758 0.51734 0.30007 2 
0 0.51892 0.31757 0.01679 0.00922 0.51737 0.31653 2 
0 0.51670 0.37089 0.01476 0.00854 0.52040 0.37270 2 
0 0.52456 0.38582 0.01157 0.01418 0.52219 0.39005 2 
0 0.51989 0.54860 0.01149 0.00767 0.51877 0.54990 2 
0 0.51747 0.56690 0.01468 0.00887 0.52123 0.56556 2 
0 0.51946 0.60668 0.01317 0.00795 0.51969 0.60728 2 
0 0.52125 0.62310 0.01636 0.00628 0.51919 0.62372 2 
0 0.52275 0.77590 0.02063 0.00574 0.51927 0.77617 2 
0 0.51983 0.79564 0.01625 0.00907 0.52121 0.79450 2 
0 0.51768 0.83342 0.01240 0.00669 0.51640 0.83403 2 
0 0.52203 0.84883 0.01760 0.00687 0.51713 0.84853 2 
0 0.52251 0.99415 0.01888 0.00565 0.51652 0.99389 2 
0 0.71811 0.01462 0.01065 0.01325 0.71883 0.01714 2 
0 0.71769 0.03229 0.01274 0.00964 0.71841 0.03089 2 
0 0.72088 0.21840 0.01794 0.00464 0.71637 0.21853 2 
0 0.71172 0.22642 0.02226 0.00850 0.71691 0.22744 2 
0 0.71562 0.24129 0.01588 0.01703 0.72005 0.24453 2 
0 0.71691 0.45835 0.02354 0.01157 0.72069 0.46050 2 
0 0.71714 0.47957 0.02205 0.01521 0.71446 0.47950 2 
0 0.71143 0.69314 0.01042 0.00891 0.71375 0.69419 2 
0 0.72236 0.69484 0.01089 0.00973 0.71959 0.69461 2 
0 0.71844 0.71510 0.02613 0.01364 0.72096 0.71256 2 
0 0.72052 0.90686 0.01438 0.00444 0.71851 0.90667 2 
0 0.71311 0.91922 0.01973 0.00561 0.71934 0.91931 2 
0 0.71441 0.92597 0.01772 0.00650 0.71865 0.92569 2 
0 0.72078 0.93601 0.01662 0.00775 0.71927 0.93639 2 
0 0.80460 0.05521 0.00790 0.00944 0.80565 0.05247 2 
0 0.81059 0.06942 0.01012 0.00853 0.80722 0.06872 2 
0 0.81078 0.16858 0.00830 0.00639 0.80844 0.16789 2 
0 0.80546 0.17955 0.00772 0.01216 0.80746 0.18169 2 
0 0.79947 0.27862 0.01103 0.00598 0.80378 0.27958 2 
0 0.81014 0.29400 0.00972 0.01051 0.80768 0.29542 2 
0 0.81016 0.41234 0.00845 0.00775 0.80835 0.41142 2 
0 0.80497 0.42662 0.00900 0.00647 0.80717 0.42531 2 
0 0.80451 0.51508 0.00772 0.00882 0.80704 0.51419 2 
0 0.80999 0.52675 0.00812 0.00857 0.80734 0.52658 2 
0 0.81087 0.64550 0.00856 0.00804 0.80820 0.64511 2 
0 0.80473 0.65947 0.00859 0.00795 0.80714 0.65978 2 
0 0.80491 0.74942 0.00736 0.00758 0.80673 0.74922 2 
0 0.81005 0.76197 0.00881 0.00878 0.80731 0.76197 2 
0 0.81087 0.85711 0.00900 0.00907 0.80933 0.85428 2 
0 0.80528 0.87049 0.00699 0.00639 0.80724 0.87017 2 
0 0.80411 0.97379 0.00838 0.00758 0.80619 0.97217 2 
0 0.80981 0.98623 0.00790 0.00915 0.80790 0.98769 2 
0 0.86481 0.09581 0.00803 0.00811 0.86647 0.09361 2 
0 0.87068 0.10803 0.00896 0.00689 0.86819 0.10828 2 
0 0.87070 0.12993 0.00744 0.00736 0.86880 0.12906 2 
0 0.86354 0.14550 0.01146 0.00683 0.86748 0.14400 2 
0 0.86534 0.32157 0.00697 0.00747 0.86696 0.32000 2 
0 0.87097 0.33308 0.00974 0.00850 0.86829 0.33378 2 
0 0.87162 0.37238 0.00889 0.00753 0.86900 0.37203 2 
0 0.86420 0.38758 0.00935 0.00578 0.86711 0.38656 2 
0 0.86425 0.55364 0.00896 0.00767 0.86701 0.55311 2 
0 0.87093 0.56579 0.00965 0.01053 0.86787 0.56606 2 
0 0.87205 0.60599 0.00955 0.00836 0.86890 0.60561 2 
0 0.86389 0.62285 0.00889 0.00886 0.86566 0.62253 2 
0 0.86433 0.78799 0.00830 0.00692 0.86610 0.78692 2 
0 0.87061 0.80040 0.00935 0.00992 0.86804 0.80081 2 
0 0.87089 0.81510 0.00776 0.00769 0.86861 0.81583 2 
0 0.86499 0.83332 0.00768 0.00686 0.86649 0.83225 2 
0 0.95449 0.08025 0.00962 0.00783 0.95125 0.07933 2 
0 0.94768 0.09224 0.00852 0.00858 0.95012 0.09325 2 
0 0.94662 0.14378 0.00906 0.00900 0.94882 0.14206 2 
0 0.95430 0.15567 0.01154 0.01011 0.95118 0.15742 2 
0 0.95416 0.32394 0.00950 0.00933 0.95120 0.32375 2 
0 0.94790 0.33642 0.00901 0.00756 0.95032 0.33625 2 
0 0.94660 0.36719 0.00970 0.00883 0.94912 0.36583 2 
0 0.95378 0.37989 0.01144 0.01022 0.95155 0.38161 2 
0 0.95459 0.55647 0.01046 0.00872 0.95150 0.55603 2 
0 0.94801 0.56863 0.00869 0.00903 0.95025 0.56997 2 
0 0.94714 0.60196 0.00807 0.01063 0.94924 0.60183 2 
0 0.95306 0.61538 0.00975 0.01164 0.95091 0.61533 2 
0 0.95385 0.76950 0.00933 0.00939 0.95130 0.76758 2 
0 0.94829 0.78128 0.00832 0.00756 0.95059 0.78161 2 
0 0.94677 0.83779 0.00881 0.00864 0.94917 0.83583 2 
0 0.95347 0.84947 0.01024 0.00933 0.95103 0.85072 2 
