0 0.39778 0.04302 0.00634 0.00633 0.39787 0.04352 2 
0 0.51628 0.01375 0.00483 0.00556 0.51647 0.01381 2 
0 0.79845 0.01166 0.00428 0.00526 0.79840 0.01186 2 
0 0.86397 0.02717 0.00435 0.00534 0.86382 0.02754 2 
0 0.81133 0.04419 0.00503 0.00510 0.81145 0.04519 2 
0 0.79250 0.07268 0.00753 0.00597 0.79276 0.07186 2 
0 0.94786 0.10483 0.00617 0.00652 0.94838 0.10496 2 
0 0.71564 0.09920 0.00543 0.00526 0.71584 0.09985 2 
0 0.51897 0.03186 0.00573 0.00582 0.51983 0.03150 2 
0 0.51802 0.10102 0.00807 0.00673 0.51882 0.10234 2 
0 0.39649 0.05944 0.00664 0.00864 0.39645 0.05947 2 
0 0.39902 0.07034 0.00571 0.00654 0.39913 0.07062 2 
0 0.39948 0.08901 0.00702 0.00627 0.39984 0.08851 2 
0 0.20048 0.15445 0.00698 0.00814 0.20026 0.15433 2 
0 0.19736 0.17331 0.00878 0.01018 0.19720 0.17313 2 
0 0.20254 0.19109 0.00899 0.01030 0.20259 0.19121 2 
0 0.51812 0.11967 0.00711 0.00805 0.51688 0.11806 2 
0 0.51911 0.18249 0.00835 0.00665 0.51785 0.18304 2 
0 0.71883 0.11776 0.00908 0.00833 0.71848 0.11674 2 
0 0.71875 0.18749 0.00809 0.00757 0.71871 0.18823 2 
0 0.95481 0.12374 0.00531 0.00459 0.95447 0.12267 2 
0 0.95318 0.14997 0.00514 0.00591 0.95325 0.14954 2 
0 0.94929 0.16551 0.00543 0.00577 0.94979 0.16475 2 
0 0.87210 0.19259 0.00579 0.00479 0.87084 0.19341 2 
0 0.86689 0.21056 0.00477 0.00520 0.86686 0.21003 2 
0 0.81514 0.22840 0.00453 0.00506 0.81512 0.22909 2 
0 0.71939 0.20822 0.00917 0.00852 0.71849 0.20651 2 
0 0.79809 0.23659 0.00742 0.00592 0.79858 0.23757 2 
0 0.79680 0.25431 0.00834 0.00511 0.79658 0.25358 2 
0 0.95546 0.25606 0.00731 0.00591 0.95481 0.25739 2 
0 0.87614 0.30551 0.00862 0.00697 0.87536 0.30537 2 
0 0.94555 0.33050 0.01002 0.00753 0.94678 0.33101 2 
0 0.95451 0.35053 0.00851 0.00798 0.95287 0.34868 2 
0 0.51958 0.20005 0.00927 0.00720 0.52102 0.19920 2 
0 0.39645 0.23902 0.00877 0.00993 0.39607 0.23950 2 
0 0.40117 0.25402 0.00798 0.00917 0.40120 0.25385 2 
0 0.19961 0.32000 0.00879 0.00806 0.19937 0.32023 2 
0 0.19708 0.33723 0.01060 0.00884 0.19766 0.33662 2 
0 0.01223 0.32020 0.00842 0.00863 0.01082 0.31939 2 
0 0.16769 0.36980 0.00895 0.00751 0.16684 0.37002 2 
0 0.20053 0.39692 0.01285 0.00951 0.20030 0.39688 2 
0 0.39687 0.47104 0.00949 0.00713 0.39765 0.47188 2 
0 0.39954 0.28157 0.01174 0.00898 0.39767 0.28058 2 
0 0.51765 0.32340 0.00958 0.00803 0.51995 0.32458 2 
0 0.51766 0.33964 0.00801 0.00706 0.51605 0.33874 2 
0 0.86143 0.33017 0.00754 0.00686 0.86255 0.32860 2 
0 0.81295 0.34490 0.00699 0.00637 0.81196 0.34597 2 
0 0.79815 0.37029 0.00833 0.00659 0.79965 0.36863 2 
0 0.72063 0.39761 0.00988 0.00808 0.71957 0.39900 2 
0 0.72007 0.41382 0.00911 0.01228 0.71946 0.41301 2 
0 0.52000 0.48256 0.01268 0.00851 0.51908 0.48289 2 
0 0.40011 0.48767 0.01170 0.00872 0.39812 0.48693 2 
0 0.39976 0.53843 0.00974 0.00783 0.39918 0.53846 2 
0 0.52002 0.50055 0.01040 0.00768 0.51992 0.49927 2 
0 0.51789 0.52968 0.00941 0.00843 0.51889 0.53056 2 
0 0.40041 0.55531 0.00964 0.00800 0.40062 0.55424 2 
0 0.20255 0.62273 0.01082 0.00808 0.20249 0.62260 2 
0 0.20127 0.63920 0.01428 0.01174 0.20104 0.63864 2 
0 0.20467 0.65593 0.01216 0.00960 0.20439 0.65619 2 
0 0.52039 0.54528 0.01067 0.00913 0.51850 0.54364 2 
0 0.71696 0.61577 0.01081 0.00968 0.71828 0.61672 2 
0 0.79391 0.45603 0.00945 0.00512 0.79584 0.45708 2 
0 0.81344 0.48243 0.00799 0.00635 0.81170 0.48125 2 
0 0.86667 0.50323 0.00695 0.00581 0.86671 0.50323 2 
0 0.95450 0.50882 0.00664 0.00501 0.95381 0.50990 2 
0 0.86844 0.51669 0.00645 0.00571 0.86844 0.51646 2 
0 0.92717 0.53568 0.00694 0.00495 0.92821 0.53588 2 
0 0.86835 0.55729 0.00562 0.00477 0.86852 0.55705 2 
0 0.95460 0.56462 0.00727 0.00691 0.95308 0.56319 2 
0 0.86060 0.57493 0.00872 0.00843 0.86174 0.57385 2 
0 0.81240 0.59031 0.00694 0.00579 0.81179 0.59136 2 
0 0.79345 0.61673 0.00799 0.00441 0.79389 0.61613 2 
0 0.72023 0.63365 0.00872 0.00826 0.71924 0.63292 2 
0 0.71678 0.64225 0.00791 0.00609 0.71752 0.64254 2 
0 0.80007 0.66376 0.00606 0.00623 0.80124 0.66501 2 
0 0.72014 0.65890 0.00882 0.00907 0.72151 0.65765 2 
0 0.40163 0.72819 0.01020 0.00872 0.40151 0.72799 2 
0 0.51819 0.72594 0.01066 0.00841 0.51789 0.72646 2 
0 0.52040 0.74744 0.01055 0.00853 0.52008 0.74695 2 
0 0.51627 0.78861 0.01099 0.00781 0.51844 0.79067 2 
0 0.39775 0.74786 0.00939 0.00893 0.39794 0.74786 2 
0 0.40007 0.78720 0.00931 0.00777 0.40031 0.78662 2 
0 0.40202 0.80418 0.00973 0.00951 0.40202 0.80418 2 
0 0.20101 0.87206 0.01194 0.01039 0.20090 0.87200 2 
0 0.20195 0.88945 0.01028 0.00988 0.20156 0.88939 2 
0 0.19665 0.90078 0.00960 0.00687 0.19663 0.90103 2 
0 0.19846 0.91499 0.01070 0.00764 0.19679 0.91419 2 
0 0.51992 0.80589 0.01203 0.00786 0.51702 0.80463 2 
0 0.52132 0.95407 0.01277 0.00774 0.52048 0.95331 2 
0 0.51922 0.93490 0.01084 0.00700 0.51726 0.93605 2 
0 0.72019 0.87144 0.00995 0.00946 0.72021 0.87025 2 
0 0.71781 0.85004 0.00840 0.00637 0.71838 0.85051 2 
0 0.71835 0.89205 0.00934 0.00739 0.71686 0.89085 2 
0 0.80256 0.92534 0.01005 0.00914 0.80358 0.92588 2 
0 0.81286 0.94718 0.00903 0.00734 0.81051 0.94560 2 
0 0.79678 0.96195 0.01297 0.00744 0.80011 0.96300 2 
0 0.81491 0.69044 0.00581 0.00598 0.81424 0.68929 2 
0 0.95492 0.71011 0.00674 0.00524 0.95390 0.71131 2 
0 0.81196 0.75572 0.00688 0.00710 0.81037 0.75387 2 
0 0.81273 0.79657 0.00575 0.00500 0.81232 0.79737 2 
0 0.79879 0.82106 0.00709 0.00515 0.79987 0.81999 2 
0 0.87440 0.98921 0.00742 0.00613 0.87304 0.98801 2 
0 0.93903 0.97423 0.01113 0.00701 0.94237 0.97243 2 
0 0.95743 0.95035 0.00920 0.00684 0.95548 0.95207 2 
0 0.95335 0.84251 0.00806 0.00753 0.95204 0.84069 2 
0 0.94508 0.82282 0.00650 0.00511 0.94640 0.82395 2 
0 0.87457 0.79633 0.00743 0.00579 0.87269 0.79523 2 
0 0.85853 0.78285 0.00832 0.00547 0.86021 0.78191 2 
0 0.95551 0.77454 0.00635 0.00612 0.95422 0.77325 2 
0 0.90140 0.74738 0.00604 0.00452 0.90199 0.74681 2 
0 0.94496 0.75444 0.00627 0.00461 0.94606 0.75541 2 
0 0.99231 0.69681 0.00679 0.00538 0.99280 0.69560 2 
0 0.17822 0.16578 0.00692 0.00700 0.17832 0.16619 2 
0 0.00551 0.10907 0.00701 0.00703 0.00591 0.10918 2 
0 0.01197 0.46601 0.00895 0.00882 0.01183 0.46585 2 
0 0.16723 0.51448 0.01332 0.01190 0.16793 0.51548 2 
0 0.19230 0.52431 0.01578 0.01329 0.19055 0.52421 2 
0 0.00920 0.57617 0.01048 0.00883 0.00767 0.57567 2 
0 0.00874 0.70009 0.01415 0.00989 0.00532 0.69918 2 
0 0.04210 0.69848 0.01284 0.00807 0.03976 0.70015 2 
0 0.00934 0.83770 0.01175 0.00873 0.00768 0.83631 2 
0 0.16477 0.88776 0.01445 0.00617 0.16581 0.88817 2 
0 0.40258 0.99069 0.01597 0.00838 0.40761 0.99057 2 
0 0.81628 0.26648 0.00788 0.00768 0.81447 0.26455 2 
0 0.93079 0.17457 0.01018 0.00606 0.93105 0.17391 2 
0 0.97387 0.13098 0.00618 0.00478 0.97485 0.13162 2 
0 0.99318 0.79058 0.00939 0.00717 0.99505 0.79122 2 
0 0.99358 0.85810 0.00973 0.00704 0.99573 0.85932 2 
0 0.99205 0.93760 0.01007 0.00576 0.99425 0.93689 2 
