0 0.39390 0.04900 0.01219 0.00939 0.39723 0.05107 2 
0 0.40142 0.06661 0.01305 0.01115 0.39829 0.06584 2 
0 0.40440 0.09307 0.02576 0.00675 0.40196 0.09301 2 
0 0.39611 0.11136 0.01625 0.00792 0.39940 0.11051 2 
0 0.52441 0.03477 0.02169 0.00597 0.51754 0.03554 2 
0 0.51801 0.05463 0.01495 0.00929 0.51967 0.05364 2 
0 0.51659 0.10769 0.01245 0.00919 0.52049 0.10980 2 
0 0.52186 0.12632 0.01556 0.01262 0.51831 0.12391 2 
0 0.80503 0.00460 0.00591 0.00574 0.80501 0.00304 2 
0 0.81032 0.01896 0.00838 0.00812 0.80827 0.01998 2 
0 0.19818 0.17485 0.03927 0.00977 0.20268 0.17521 2 
0 0.19247 0.19423 0.01088 0.00952 0.19367 0.19389 2 
0 0.20657 0.19448 0.01510 0.00972 0.20281 0.19484 2 
0 0.19278 0.40960 0.03562 0.01217 0.20337 0.41120 2 
0 0.18983 0.43080 0.01002 0.00997 0.19278 0.42793 2 
0 0.20357 0.42928 0.01489 0.00846 0.19969 0.42905 2 
0 0.20914 0.62982 0.02393 0.01519 0.20253 0.63294 2 
0 0.19674 0.65091 0.01066 0.00603 0.19894 0.65070 2 
0 0.19963 0.65792 0.01719 0.00442 0.19833 0.65746 2 
0 0.20899 0.67830 0.01668 0.01307 0.20480 0.67544 2 
0 0.19432 0.73737 0.02159 0.00935 0.19749 0.73902 2 
0 0.20876 0.75982 0.01524 0.01454 0.20513 0.75735 2 
0 0.19270 0.86310 0.01953 0.01105 0.19592 0.86402 2 
0 0.21408 0.86247 0.02242 0.01055 0.20620 0.86224 2 
0 0.19320 0.88466 0.01453 0.00898 0.19735 0.88332 2 
0 0.20866 0.88812 0.01546 0.01255 0.20413 0.88517 2 
0 0.39794 0.26739 0.01320 0.00616 0.40196 0.26811 2 
0 0.40154 0.28431 0.01288 0.01059 0.40047 0.28540 2 
0 0.40087 0.32883 0.01543 0.00804 0.40123 0.33020 2 
0 0.39762 0.34896 0.00968 0.00820 0.39823 0.34745 2 
0 0.51960 0.27387 0.01098 0.00475 0.51899 0.27410 2 
0 0.51781 0.29055 0.01233 0.00684 0.51582 0.29108 2 
0 0.51825 0.32482 0.01149 0.00726 0.51630 0.32662 2 
0 0.51889 0.34208 0.01176 0.01097 0.52023 0.34069 2 
0 0.39376 0.50097 0.01230 0.00877 0.39730 0.50314 2 
0 0.40099 0.52091 0.01185 0.00741 0.40119 0.52024 2 
0 0.39991 0.55159 0.01173 0.00651 0.39945 0.55195 2 
0 0.40039 0.56993 0.01088 0.00773 0.40223 0.56873 2 
0 0.51975 0.49363 0.01519 0.01002 0.51568 0.49594 2 
0 0.51888 0.51315 0.01276 0.00864 0.52139 0.51243 2 
0 0.51811 0.56071 0.01202 0.00748 0.52054 0.56166 2 
0 0.51965 0.57719 0.01226 0.00904 0.51833 0.57576 2 
0 0.39328 0.74618 0.01274 0.00986 0.39696 0.74841 2 
0 0.40184 0.76681 0.01315 0.00992 0.40201 0.76651 2 
0 0.40137 0.78347 0.01191 0.00835 0.40105 0.78497 2 
0 0.39502 0.80143 0.00904 0.00441 0.39616 0.80198 2 
0 0.51453 0.73014 0.01075 0.00572 0.51520 0.72921 2 
0 0.51679 0.74694 0.01483 0.00822 0.51703 0.74596 2 
0 0.51733 0.80743 0.01276 0.00964 0.51846 0.80800 2 
0 0.52119 0.82485 0.01571 0.01165 0.51804 0.82210 2 
0 0.39900 0.82931 0.01198 0.00845 0.39838 0.83047 2 
0 0.40520 0.84817 0.01916 0.00908 0.40033 0.84894 2 
0 0.51796 0.88891 0.01128 0.00778 0.51926 0.88949 2 
0 0.52406 0.90580 0.01091 0.01300 0.52232 0.90425 2 
0 0.39417 0.95835 0.01327 0.00498 0.39779 0.95817 2 
0 0.40057 0.97679 0.01223 0.00930 0.40152 0.97681 2 
0 0.52046 0.94693 0.01364 0.00807 0.52120 0.94818 2 
0 0.51845 0.96734 0.01144 0.00882 0.52102 0.96677 2 
0 0.71715 0.19225 0.02291 0.01505 0.71851 0.19633 2 
0 0.71674 0.21019 0.02495 0.01265 0.71879 0.20755 2 
0 0.71568 0.41038 0.02284 0.01366 0.71958 0.41169 2 
0 0.71510 0.42828 0.01977 0.01412 0.71738 0.42704 2 
0 0.71418 0.64884 0.01725 0.00633 0.71807 0.64876 2 
0 0.72316 0.64111 0.01095 0.00613 0.71996 0.64141 2 
0 0.71423 0.66227 0.01804 0.01335 0.71889 0.65889 2 
0 0.71781 0.86283 0.01035 0.00620 0.71867 0.86321 2 
0 0.71758 0.88303 0.01126 0.00922 0.71820 0.88218 2 
0 0.71798 0.89307 0.01214 0.00715 0.71854 0.89358 2 
0 0.71985 0.90821 0.01416 0.00867 0.71952 0.90867 2 
0 0.71792 0.97412 0.01262 0.00934 0.71835 0.97464 2 
0 0.72083 0.99100 0.01444 0.00877 0.71826 0.99098 2 
0 0.81116 0.14164 0.00862 0.00894 0.81021 0.13889 2 
0 0.80520 0.15462 0.00727 0.00792 0.80603 0.15694 2 
0 0.80447 0.25064 0.00813 0.00822 0.80623 0.24981 2 
0 0.81014 0.26636 0.00825 0.00967 0.80820 0.26696 2 
0 0.81060 0.35770 0.00711 0.00791 0.80899 0.35794 2 
0 0.80554 0.37157 0.00719 0.00982 0.80774 0.37077 2 
0 0.80463 0.46704 0.00667 0.00736 0.80646 0.46682 2 
0 0.81024 0.48131 0.00832 0.00791 0.80827 0.48240 2 
0 0.81106 0.59004 0.00643 0.00605 0.80955 0.59038 2 
0 0.80566 0.60359 0.00647 0.00905 0.80702 0.60518 2 
0 0.80495 0.70286 0.00707 0.00764 0.80600 0.70201 2 
0 0.80987 0.71724 0.00775 0.00996 0.80817 0.71760 2 
0 0.81034 0.81133 0.00652 0.00716 0.80824 0.81275 2 
0 0.80570 0.82653 0.00659 0.00727 0.80748 0.82662 2 
0 0.80491 0.94672 0.00685 0.00716 0.80593 0.94556 2 
0 0.80997 0.96018 0.00820 0.00798 0.80827 0.96160 2 
0 0.86448 0.04300 0.00707 0.00751 0.86468 0.04191 2 
0 0.87080 0.05749 0.00888 0.00973 0.86923 0.05975 2 
0 0.87064 0.10169 0.00621 0.00764 0.86887 0.10136 2 
0 0.86485 0.11827 0.00837 0.00853 0.86602 0.11782 2 
0 0.86542 0.28993 0.00636 0.00716 0.86717 0.29135 2 
0 0.87019 0.30431 0.00750 0.00800 0.86966 0.30507 2 
0 0.87074 0.31871 0.00711 0.00720 0.86887 0.31898 2 
0 0.86308 0.33691 0.01111 0.00920 0.86347 0.33812 2 
0 0.86389 0.50531 0.00903 0.00920 0.86556 0.50475 2 
0 0.87053 0.52091 0.00817 0.00884 0.86841 0.52121 2 
0 0.87174 0.55138 0.00801 0.00782 0.86930 0.55251 2 
0 0.86581 0.56538 0.00762 0.00933 0.86773 0.56631 2 
0 0.86461 0.74187 0.00758 0.00951 0.86609 0.74065 2 
0 0.87068 0.75522 0.00785 0.00724 0.86910 0.75608 2 
0 0.87121 0.77122 0.00695 0.00689 0.87045 0.77107 2 
0 0.86106 0.79240 0.01131 0.00622 0.86435 0.79243 2 
0 0.86365 0.98291 0.00872 0.00689 0.86622 0.98431 2 
0 0.95224 0.05338 0.00580 0.00792 0.95231 0.05117 2 
0 0.94874 0.06526 0.00636 0.00797 0.94988 0.06631 2 
0 0.94787 0.09409 0.00622 0.00691 0.94897 0.09261 2 
0 0.95193 0.10564 0.00711 0.00957 0.95044 0.10753 2 
0 0.95385 0.27150 0.00906 0.00763 0.95135 0.27106 2 
0 0.94873 0.28342 0.00754 0.00707 0.94980 0.28467 2 
0 0.94733 0.33945 0.00800 0.00879 0.94809 0.33647 2 
0 0.95349 0.35288 0.00949 0.01029 0.95108 0.35322 2 
0 0.95435 0.50313 0.00920 0.00847 0.95280 0.50319 2 
0 0.94809 0.51595 0.00855 0.00918 0.94948 0.51781 2 
0 0.94586 0.55349 0.01012 0.00918 0.94782 0.55344 2 
0 0.95332 0.56886 0.01006 0.01045 0.95091 0.56872 2 
0 0.95449 0.72631 0.01006 0.00948 0.95157 0.72611 2 
0 0.94829 0.73856 0.00843 0.00977 0.95025 0.74017 2 
0 0.94619 0.78954 0.00958 0.01055 0.94865 0.78911 2 
0 0.95429 0.80397 0.01041 0.01084 0.95108 0.80325 2 
0 0.95396 0.96067 0.00843 0.00980 0.95123 0.96142 2 
0 0.94734 0.97454 0.00889 0.00931 0.95000 0.97447 2 
