0 0.39403 0.01150 0.01012 0.00705 0.39597 0.01261 2 
0 0.51872 0.01547 0.01438 0.00580 0.51456 0.01521 2 
0 0.40781 0.03378 0.01737 0.01285 0.40440 0.03177 2 
0 0.39982 0.07186 0.01584 0.00558 0.39909 0.07174 2 
0 0.51391 0.07130 0.01505 0.00981 0.51817 0.07252 2 
0 0.39792 0.08887 0.01493 0.00854 0.40044 0.08799 2 
0 0.52604 0.09174 0.01469 0.01413 0.52370 0.09094 2 
0 0.81113 0.01452 0.00977 0.00712 0.80823 0.01316 2 
0 0.86326 0.03530 0.00973 0.00698 0.86635 0.03635 2 
0 0.99520 0.01316 0.00811 0.00581 0.99533 0.01358 2 
0 0.95431 0.03061 0.00844 0.00679 0.95153 0.03218 2 
0 0.87137 0.05249 0.00866 0.00675 0.87130 0.05240 2 
0 0.87363 0.07821 0.01087 0.00697 0.87024 0.08031 2 
0 0.94762 0.04747 0.00785 0.00650 0.94981 0.04598 2 
0 0.94632 0.08193 0.00830 0.00731 0.94824 0.08253 2 
0 0.95287 0.09746 0.00766 0.00758 0.95210 0.09831 2 
0 0.99601 0.11802 0.00750 0.00711 0.99822 0.11947 2 
0 0.86392 0.09869 0.00878 0.00748 0.86457 0.09962 2 
0 0.81197 0.11871 0.00995 0.00802 0.80853 0.12065 2 
0 0.01606 0.07732 0.01535 0.00742 0.01016 0.07564 2 
0 0.01567 0.77871 0.01366 0.00714 0.01119 0.77750 2 
0 0.01231 0.98704 0.01212 0.00793 0.00763 0.98536 2 
0 0.19476 0.13514 0.02234 0.00775 0.19429 0.13642 2 
0 0.20578 0.15537 0.01498 0.01715 0.20249 0.15803 2 
0 0.19627 0.17000 0.02318 0.00984 0.19678 0.16863 2 
0 0.19528 0.37193 0.02316 0.00741 0.19660 0.37351 2 
0 0.20364 0.39287 0.01347 0.01494 0.20118 0.39306 2 
0 0.19474 0.41459 0.01667 0.00934 0.19834 0.41291 2 
0 0.19123 0.61192 0.01730 0.00801 0.19511 0.61328 2 
0 0.19908 0.63039 0.01693 0.01639 0.19873 0.62849 2 
0 0.19514 0.64639 0.01171 0.00801 0.19857 0.64533 2 
0 0.19052 0.83718 0.01438 0.00765 0.19418 0.83865 2 
0 0.20508 0.84192 0.01401 0.01067 0.20337 0.84424 2 
0 0.18953 0.86557 0.01049 0.01060 0.19140 0.86402 2 
0 0.20875 0.85945 0.01305 0.01042 0.20519 0.85769 2 
0 0.39281 0.92792 0.01291 0.00945 0.39692 0.93009 2 
0 0.40855 0.94854 0.01554 0.01140 0.40413 0.94620 2 
0 0.52642 0.97145 0.01240 0.01014 0.52303 0.97354 2 
0 0.51334 0.98975 0.01437 0.01821 0.51779 0.99038 2 
0 0.39280 0.22794 0.01250 0.00924 0.39459 0.22908 2 
0 0.40911 0.25219 0.01810 0.01315 0.40402 0.24995 2 
0 0.40678 0.31187 0.02556 0.00739 0.40149 0.31308 2 
0 0.39640 0.33157 0.01878 0.01058 0.40217 0.32895 2 
0 0.39621 0.46200 0.01714 0.00929 0.39762 0.46374 2 
0 0.40307 0.48351 0.01798 0.01239 0.40094 0.48194 2 
0 0.40541 0.54464 0.02324 0.01182 0.40082 0.54717 2 
0 0.39690 0.56497 0.01600 0.00948 0.40048 0.56227 2 
0 0.39368 0.70293 0.01133 0.00953 0.39728 0.70412 2 
0 0.40878 0.72356 0.01735 0.01325 0.40414 0.72170 2 
0 0.40530 0.76151 0.01907 0.01053 0.40402 0.76315 2 
0 0.39358 0.78326 0.01558 0.01163 0.39846 0.78149 2 
0 0.52289 0.25638 0.02034 0.00588 0.51679 0.25700 2 
0 0.51695 0.27491 0.01475 0.00887 0.51844 0.27415 2 
0 0.51705 0.28970 0.01297 0.00820 0.51867 0.29088 2 
0 0.52415 0.31166 0.01227 0.01101 0.52115 0.30990 2 
0 0.52418 0.48989 0.01108 0.00831 0.52115 0.49109 2 
0 0.51584 0.50786 0.01485 0.00854 0.52019 0.50734 2 
0 0.51722 0.52211 0.01469 0.00835 0.51917 0.52325 2 
0 0.52139 0.54015 0.01654 0.01044 0.51788 0.53886 2 
0 0.52544 0.70577 0.01333 0.00708 0.52158 0.70661 2 
0 0.51851 0.72417 0.01336 0.00606 0.51943 0.72424 2 
0 0.51606 0.76104 0.01694 0.01026 0.51808 0.76351 2 
0 0.52458 0.78006 0.01293 0.01258 0.52185 0.77823 2 
0 0.71251 0.14959 0.01716 0.01274 0.71666 0.15257 2 
0 0.72067 0.17170 0.01529 0.01296 0.71826 0.17051 2 
0 0.71484 0.19268 0.01704 0.01328 0.71574 0.19124 2 
0 0.71145 0.37202 0.02239 0.01396 0.71702 0.37407 2 
0 0.72041 0.39295 0.01596 0.01201 0.71886 0.39178 2 
0 0.71943 0.40565 0.01321 0.00741 0.71806 0.40655 2 
0 0.71453 0.42710 0.01449 0.01292 0.71726 0.42525 2 
0 0.71147 0.60727 0.02195 0.01310 0.71606 0.60976 2 
0 0.71878 0.62547 0.01165 0.01400 0.71710 0.62534 2 
0 0.71363 0.64402 0.01716 0.01396 0.71678 0.64151 2 
0 0.71163 0.84609 0.01876 0.01179 0.71682 0.84919 2 
0 0.72279 0.86664 0.01265 0.01477 0.71973 0.86572 2 
0 0.72378 0.88742 0.01297 0.01070 0.72077 0.88744 2 
0 0.71437 0.91037 0.01545 0.01350 0.71770 0.90790 2 
0 0.80256 0.90037 0.00997 0.00706 0.80466 0.90097 2 
0 0.81319 0.92094 0.01076 0.00745 0.81073 0.92008 2 
0 0.86105 0.93908 0.01164 0.00735 0.86312 0.93981 2 
0 0.87539 0.95995 0.01493 0.00855 0.87153 0.95816 2 
0 0.94428 0.98789 0.01306 0.01038 0.94902 0.98989 2 
0 0.80430 0.13779 0.00786 0.00773 0.80682 0.13636 2 
0 0.80277 0.20489 0.00927 0.00703 0.80480 0.20531 2 
0 0.81134 0.22414 0.01010 0.00815 0.80968 0.22447 2 
0 0.81502 0.35153 0.00969 0.00632 0.81262 0.35296 2 
0 0.80502 0.37181 0.00782 0.00726 0.80691 0.37095 2 
0 0.80335 0.42742 0.00911 0.00810 0.80471 0.42758 2 
0 0.81293 0.44742 0.01138 0.00829 0.81038 0.44688 2 
0 0.81506 0.56776 0.01142 0.00660 0.81196 0.56966 2 
0 0.80308 0.58984 0.01080 0.00806 0.80600 0.58849 2 
0 0.80281 0.66177 0.01035 0.00754 0.80417 0.66203 2 
0 0.81245 0.68018 0.01076 0.00932 0.80997 0.68025 2 
0 0.81732 0.83338 0.01113 0.00703 0.81324 0.83521 2 
0 0.80258 0.85608 0.01130 0.00773 0.80542 0.85516 2 
0 0.86225 0.24443 0.01214 0.00832 0.86650 0.24661 2 
0 0.87184 0.26316 0.00999 0.00787 0.86881 0.26186 2 
0 0.87390 0.31362 0.00974 0.00725 0.87095 0.31523 2 
0 0.85939 0.33567 0.01053 0.00647 0.86279 0.33495 2 
0 0.94612 0.29375 0.00899 0.00664 0.94910 0.29551 2 
0 0.95514 0.31244 0.01212 0.01029 0.95150 0.31113 2 
0 0.94791 0.28259 0.00889 0.00737 0.95023 0.28104 2 
0 0.95494 0.26420 0.01034 0.00770 0.95153 0.26639 2 
0 0.86464 0.46839 0.00759 0.00733 0.86691 0.46947 2 
0 0.87191 0.48524 0.00995 0.00831 0.86933 0.48437 2 
0 0.87478 0.52852 0.01164 0.00673 0.87149 0.53026 2 
0 0.85915 0.55266 0.01121 0.00678 0.86187 0.55153 2 
0 0.95478 0.48040 0.00976 0.00782 0.95256 0.48182 2 
0 0.94690 0.49852 0.00812 0.00580 0.94929 0.49784 2 
0 0.94596 0.51482 0.00904 0.00591 0.94678 0.51531 2 
0 0.95270 0.53352 0.00908 0.00886 0.95100 0.53324 2 
0 0.86288 0.70012 0.00985 0.00794 0.86492 0.70047 2 
0 0.87307 0.72006 0.01123 0.00844 0.87425 0.72106 2 
0 0.87557 0.79526 0.01145 0.00844 0.87163 0.79716 2 
0 0.85908 0.81862 0.01079 0.00764 0.86224 0.81763 2 
0 0.94518 0.74779 0.00944 0.00791 0.94858 0.74990 2 
0 0.95461 0.74656 0.00808 0.00678 0.95234 0.74815 2 
0 0.94906 0.76587 0.01093 0.00534 0.95003 0.76489 2 
