0 0.39787 0.04382 0.00514 0.00662 0.39787 0.04352 2 
0 0.51582 0.01396 0.00451 0.00564 0.51576 0.01375 2 
0 0.80714 0.01939 0.00428 0.00526 0.80707 0.01944 2 
0 0.86932 0.00934 0.00405 0.00467 0.86913 0.00918 2 
0 0.80769 0.03253 0.00391 0.00434 0.80758 0.03228 2 
0 0.86519 0.02736 0.00435 0.00534 0.86537 0.02719 2 
0 0.80832 0.04755 0.00369 0.00417 0.80817 0.04746 2 
0 0.86718 0.05814 0.00332 0.00384 0.86721 0.05797 2 
0 0.80749 0.06331 0.00390 0.00474 0.80744 0.06320 2 
0 0.86837 0.07145 0.00377 0.00435 0.86841 0.07129 2 
0 0.95003 0.10684 0.00370 0.00418 0.95003 0.10684 2 
0 0.71528 0.10041 0.00473 0.00535 0.71509 0.10021 2 
0 0.52203 0.03241 0.00473 0.00637 0.52192 0.03236 2 
0 0.52188 0.10256 0.00561 0.00642 0.52099 0.10229 2 
0 0.39882 0.06149 0.00664 0.00864 0.39893 0.06105 2 
0 0.40014 0.07191 0.00571 0.00654 0.40014 0.07171 2 
0 0.40120 0.08935 0.00726 0.00792 0.40103 0.08891 2 
0 0.20048 0.15445 0.00698 0.00814 0.20026 0.15433 2 
0 0.19736 0.17331 0.00878 0.01018 0.19720 0.17313 2 
0 0.20254 0.19109 0.00899 0.01030 0.20259 0.19121 2 
0 0.51612 0.11967 0.00711 0.00805 0.51617 0.11950 2 
0 0.51646 0.18370 0.00668 0.00775 0.51642 0.18355 2 
0 0.71924 0.11763 0.00721 0.00873 0.71924 0.11791 2 
0 0.71962 0.18870 0.00789 0.00926 0.71922 0.18820 2 
0 0.95037 0.12012 0.00522 0.00601 0.95032 0.12003 2 
0 0.95149 0.15170 0.00514 0.00591 0.95149 0.15175 2 
0 0.95122 0.16488 0.00543 0.00577 0.95122 0.16447 2 
0 0.87090 0.19415 0.00575 0.00643 0.87093 0.19401 2 
0 0.86689 0.21056 0.00477 0.00520 0.86686 0.21003 2 
0 0.80927 0.23308 0.00453 0.00506 0.80924 0.23308 2 
0 0.71747 0.20729 0.00877 0.00934 0.71721 0.20696 2 
0 0.80682 0.24587 0.00662 0.00826 0.80716 0.24559 2 
0 0.80811 0.26011 0.00679 0.00799 0.80797 0.26005 2 
0 0.95129 0.26093 0.00551 0.00604 0.95120 0.26093 2 
0 0.95083 0.27369 0.00608 0.00688 0.95069 0.27302 2 
0 0.86636 0.28427 0.00536 0.00620 0.86645 0.28411 2 
0 0.86775 0.29790 0.00577 0.00626 0.86763 0.29756 2 
0 0.86940 0.31048 0.00612 0.00706 0.86928 0.31002 2 
0 0.94918 0.33320 0.00603 0.00689 0.94926 0.33313 2 
0 0.95014 0.34517 0.00656 0.00709 0.95020 0.34500 2 
0 0.52300 0.19980 0.00914 0.01035 0.52308 0.19962 2 
0 0.39898 0.23972 0.00877 0.00993 0.39894 0.23927 2 
0 0.40259 0.25514 0.00798 0.00917 0.40262 0.25497 2 
0 0.40277 0.26532 0.00760 0.00882 0.40256 0.26497 2 
0 0.20138 0.32074 0.01234 0.00953 0.20136 0.32019 2 
0 0.19771 0.33681 0.01184 0.00969 0.19766 0.33662 2 
0 0.01092 0.31961 0.01162 0.01247 0.01082 0.31939 2 
0 0.20060 0.38211 0.01063 0.00775 0.20056 0.38186 2 
0 0.20458 0.39928 0.01285 0.00951 0.20487 0.39944 2 
0 0.39660 0.47125 0.00926 0.00886 0.39765 0.47188 2 
0 0.39892 0.28283 0.01174 0.00898 0.39909 0.28292 2 
0 0.52029 0.32490 0.01137 0.00973 0.51995 0.32458 2 
0 0.51635 0.34064 0.00883 0.00813 0.51644 0.34050 2 
0 0.86627 0.32571 0.00754 0.00686 0.86640 0.32585 2 
0 0.80843 0.34911 0.00699 0.00637 0.80828 0.34894 2 
0 0.80666 0.36407 0.00833 0.00659 0.80666 0.36383 2 
0 0.72138 0.39834 0.00988 0.00808 0.72131 0.39821 2 
0 0.71899 0.41023 0.00996 0.00754 0.71864 0.41028 2 
0 0.71907 0.41782 0.00808 0.00674 0.71887 0.41738 2 
0 0.71711 0.42732 0.00886 0.00728 0.71684 0.42696 2 
0 0.52394 0.48205 0.01268 0.00851 0.52403 0.48191 2 
0 0.40145 0.49060 0.01198 0.01103 0.39894 0.48887 2 
0 0.39976 0.53843 0.00974 0.00783 0.39997 0.53852 2 
0 0.51996 0.49933 0.00918 0.00825 0.51992 0.49920 2 
0 0.52125 0.53004 0.00941 0.00843 0.52117 0.52991 2 
0 0.40141 0.55417 0.00964 0.00800 0.40122 0.55381 2 
0 0.20255 0.62273 0.01082 0.00808 0.20249 0.62260 2 
0 0.20127 0.63920 0.01428 0.01174 0.20104 0.63864 2 
0 0.20467 0.65593 0.01216 0.00960 0.20439 0.65619 2 
0 0.52116 0.54455 0.01067 0.00913 0.52092 0.54482 2 
0 0.71833 0.61629 0.01139 0.01216 0.71825 0.61547 2 
0 0.80621 0.46512 0.00932 0.00840 0.80640 0.46447 2 
0 0.80830 0.47992 0.00799 0.00635 0.80839 0.47976 2 
0 0.86667 0.50323 0.00695 0.00581 0.86671 0.50323 2 
0 0.95129 0.51263 0.00532 0.00469 0.95116 0.51245 2 
0 0.86844 0.51669 0.00645 0.00571 0.86844 0.51646 2 
0 0.95071 0.52376 0.00620 0.00542 0.95092 0.52329 2 
0 0.86835 0.55729 0.00562 0.00477 0.86852 0.55705 2 
0 0.94964 0.54798 0.00537 0.00505 0.94951 0.54761 2 
0 0.95055 0.56037 0.00620 0.00514 0.95059 0.56033 2 
0 0.86742 0.56885 0.00872 0.00843 0.86728 0.56921 2 
0 0.80850 0.59392 0.00694 0.00579 0.80874 0.59405 2 
0 0.80710 0.60807 0.00638 0.00581 0.80708 0.60812 2 
0 0.71915 0.63280 0.00872 0.00826 0.71906 0.63294 2 
0 0.71516 0.64298 0.00791 0.00609 0.71541 0.64267 2 
0 0.80673 0.67167 0.00606 0.00623 0.80670 0.67131 2 
0 0.71874 0.65975 0.00882 0.00907 0.71874 0.65952 2 
0 0.40163 0.72819 0.01020 0.00872 0.40151 0.72799 2 
0 0.51819 0.72594 0.01066 0.00841 0.51836 0.72539 2 
0 0.52040 0.74744 0.01055 0.00853 0.52008 0.74695 2 
0 0.52002 0.78953 0.01130 0.00889 0.51986 0.78935 2 
0 0.39775 0.74786 0.00939 0.00893 0.39794 0.74786 2 
0 0.40007 0.78720 0.00931 0.00777 0.40031 0.78662 2 
0 0.40202 0.80418 0.00973 0.00951 0.40202 0.80418 2 
0 0.20101 0.87206 0.01194 0.01039 0.20090 0.87200 2 
0 0.20195 0.88945 0.01028 0.00988 0.20156 0.88939 2 
0 0.20289 0.90003 0.01172 0.00701 0.20276 0.89979 2 
0 0.20138 0.91617 0.01070 0.00764 0.20155 0.91636 2 
0 0.39758 0.99140 0.00777 0.01057 0.39764 0.99105 2 
0 0.40773 0.99086 0.01159 0.01057 0.40761 0.99057 2 
0 0.51931 0.80627 0.01203 0.00786 0.51921 0.80636 2 
0 0.52097 0.95358 0.01074 0.01000 0.52100 0.95329 2 
0 0.51671 0.93546 0.01084 0.00700 0.51662 0.93536 2 
0 0.71946 0.86990 0.01043 0.01012 0.71934 0.86990 2 
0 0.71565 0.85041 0.00840 0.00637 0.71569 0.85053 2 
0 0.71674 0.89071 0.00934 0.00739 0.71686 0.89085 2 
0 0.80703 0.92918 0.00579 0.00879 0.80712 0.92861 2 
0 0.80805 0.94423 0.00468 0.00692 0.80798 0.94413 2 
0 0.80763 0.96937 0.00460 0.00589 0.80756 0.96918 2 
0 0.80805 0.68554 0.00459 0.00464 0.80805 0.68545 2 
0 0.86693 0.71114 0.00559 0.00602 0.86681 0.71080 2 
0 0.95149 0.71377 0.00464 0.00502 0.95129 0.71373 2 
0 0.80713 0.73696 0.00420 0.00596 0.80707 0.73671 2 
0 0.80794 0.75161 0.00396 0.00607 0.80784 0.75170 2 
0 0.80841 0.79983 0.00428 0.00508 0.80831 0.80003 2 
0 0.80687 0.81593 0.00480 0.00548 0.80662 0.81581 2 
0 0.86715 0.96852 0.00435 0.00589 0.86718 0.96820 2 
0 0.86846 0.98337 0.00392 0.00499 0.86853 0.98324 2 
0 0.95067 0.96789 0.00441 0.00630 0.95055 0.96786 2 
0 0.95194 0.95429 0.00436 0.00402 0.95183 0.95421 2 
0 0.95026 0.83782 0.00595 0.00599 0.95017 0.83792 2 
0 0.94926 0.82543 0.00479 0.00664 0.94926 0.82529 2 
0 0.86852 0.79111 0.00545 0.00627 0.86860 0.79130 2 
0 0.86691 0.77713 0.00719 0.00784 0.86696 0.77688 2 
0 0.95118 0.77133 0.00610 0.00575 0.95108 0.77124 2 
0 0.86894 0.76065 0.00385 0.00460 0.86883 0.76029 2 
0 0.94929 0.75769 0.00444 0.00508 0.94915 0.75744 2 
0 0.86843 0.72398 0.00455 0.00520 0.86846 0.72404 2 
0 0.95068 0.72670 0.00508 0.00569 0.95033 0.72658 2 
