0 0.19136 0.00758 0.00785 0.00722 0.19356 0.00687 2 
0 0.20691 0.00440 0.01117 0.00814 0.20371 0.00223 2 
0 0.18987 0.22055 0.01307 0.00747 0.19433 0.22175 2 
0 0.20777 0.22209 0.01082 0.00705 0.20458 0.22310 2 
0 0.18819 0.24791 0.01032 0.00823 0.19145 0.24654 2 
0 0.20918 0.24446 0.01292 0.00862 0.20465 0.24245 2 
0 0.20804 0.44077 0.01155 0.00783 0.20497 0.44150 2 
0 0.18936 0.46441 0.01429 0.01053 0.19349 0.46416 2 
0 0.20411 0.48609 0.01106 0.00827 0.20100 0.48418 2 
0 0.17033 0.66663 0.01134 0.00691 0.17358 0.66754 2 
0 0.20314 0.67634 0.01103 0.00616 0.20009 0.67732 2 
0 0.18952 0.69597 0.00934 0.00743 0.19226 0.69460 2 
0 0.20408 0.69574 0.01289 0.00934 0.19998 0.69365 2 
0 0.19061 0.90405 0.01419 0.00775 0.19524 0.90570 2 
0 0.20808 0.91194 0.01127 0.00779 0.20444 0.91365 2 
0 0.20425 0.92702 0.01303 0.00624 0.19977 0.92597 2 
0 0.18957 0.93292 0.01015 0.00755 0.19257 0.93113 2 
0 0.39480 0.07246 0.00975 0.00718 0.39771 0.07391 2 
0 0.40631 0.09365 0.01202 0.01000 0.40292 0.09133 2 
0 0.40557 0.14362 0.01016 0.00653 0.40226 0.14467 2 
0 0.39505 0.16347 0.00988 0.00810 0.39803 0.16195 2 
0 0.39453 0.31055 0.01047 0.00800 0.39775 0.31191 2 
0 0.40396 0.33060 0.01287 0.00832 0.40115 0.32848 2 
0 0.40320 0.36300 0.01363 0.00671 0.39841 0.36425 2 
0 0.39547 0.38107 0.01085 0.00893 0.39882 0.37936 2 
0 0.39279 0.55393 0.01395 0.00846 0.39715 0.55538 2 
0 0.40382 0.57338 0.01580 0.00602 0.39797 0.57276 2 
0 0.40529 0.59562 0.01174 0.00521 0.40166 0.59619 2 
0 0.39568 0.61429 0.01101 0.00928 0.39932 0.61225 2 
0 0.39379 0.76578 0.01189 0.00821 0.39724 0.76703 2 
0 0.40227 0.78801 0.01448 0.00803 0.39790 0.78638 2 
0 0.40549 0.83105 0.01095 0.00636 0.40210 0.83226 2 
0 0.39473 0.85172 0.00975 0.00728 0.39768 0.85022 2 
0 0.39612 0.99641 0.01183 0.00718 0.39964 0.99789 2 
0 0.52521 0.08455 0.00934 0.00628 0.52231 0.08533 2 
0 0.51213 0.10658 0.00874 0.00678 0.51451 0.10554 2 
0 0.51218 0.13119 0.00902 0.00689 0.51492 0.13239 2 
0 0.52213 0.14956 0.00994 0.00828 0.51899 0.14781 2 
0 0.52597 0.30550 0.00909 0.00561 0.52316 0.30652 2 
0 0.51161 0.32578 0.01022 0.00696 0.51458 0.32501 2 
0 0.51235 0.36850 0.01051 0.00871 0.51536 0.36975 2 
0 0.52231 0.38653 0.01243 0.00893 0.51931 0.38482 2 
0 0.52731 0.54602 0.01025 0.00593 0.52373 0.54670 2 
0 0.51202 0.56543 0.01129 0.00810 0.51552 0.56430 2 
0 0.51477 0.60649 0.01186 0.00725 0.51824 0.60765 2 
0 0.52474 0.62598 0.01262 0.01018 0.52038 0.62314 2 
0 0.52615 0.77465 0.01073 0.00696 0.52246 0.77599 2 
0 0.51350 0.79508 0.00947 0.00632 0.51619 0.79431 2 
0 0.51598 0.82571 0.01177 0.00796 0.51991 0.82734 2 
0 0.52324 0.84369 0.01101 0.00885 0.51959 0.84151 2 
0 0.52615 0.98670 0.01155 0.00775 0.52253 0.98779 2 
0 0.71578 0.00324 0.00869 0.00570 0.71827 0.00374 2 
0 0.71454 0.02184 0.00756 0.00668 0.71657 0.02051 2 
0 0.72341 0.02412 0.00914 0.00648 0.72032 0.02241 2 
0 0.71289 0.21884 0.00953 0.00609 0.71563 0.21979 2 
0 0.72274 0.21902 0.00899 0.00573 0.72015 0.21987 2 
0 0.71815 0.23955 0.01477 0.00660 0.71659 0.23851 2 
0 0.71697 0.45851 0.01232 0.00908 0.71551 0.45766 2 
0 0.72344 0.47662 0.00995 0.00735 0.72027 0.47504 2 
0 0.71269 0.48104 0.00854 0.00808 0.71513 0.47929 2 
0 0.72323 0.68770 0.00835 0.00590 0.72099 0.68863 2 
0 0.71476 0.69513 0.01121 0.00718 0.71741 0.69598 2 
0 0.71258 0.71004 0.00778 0.00609 0.71459 0.70934 2 
0 0.72197 0.71279 0.01032 0.00858 0.71867 0.71118 2 
0 0.72190 0.90698 0.00879 0.00528 0.71923 0.90758 2 
0 0.71279 0.91326 0.01190 0.00576 0.71684 0.91356 2 
0 0.71164 0.92892 0.00872 0.00573 0.71395 0.92854 2 
0 0.72246 0.93307 0.01099 0.00660 0.71889 0.93184 2 
0 0.80170 0.05497 0.00718 0.00569 0.80393 0.05651 2 
0 0.81161 0.07566 0.00969 0.00726 0.80808 0.07363 2 
0 0.81462 0.16701 0.01029 0.00569 0.81113 0.16790 2 
0 0.80147 0.18817 0.00901 0.00618 0.80425 0.18681 2 
0 0.80184 0.27138 0.01095 0.00779 0.80562 0.27333 2 
0 0.81386 0.29224 0.01130 0.00735 0.81010 0.29014 2 
0 0.81638 0.40652 0.01048 0.00695 0.81266 0.40771 2 
0 0.80163 0.42815 0.01021 0.00695 0.80537 0.42640 2 
0 0.80129 0.50711 0.00969 0.00766 0.80431 0.50865 2 
0 0.81414 0.52940 0.01174 0.00819 0.80977 0.52744 2 
0 0.81516 0.63487 0.01171 0.00698 0.81108 0.63632 2 
0 0.79863 0.65785 0.01048 0.00714 0.80174 0.65632 2 
0 0.80256 0.74654 0.01109 0.00945 0.80636 0.74879 2 
0 0.81343 0.76662 0.01251 0.00766 0.80950 0.76471 2 
0 0.81468 0.85221 0.01207 0.00667 0.81089 0.85400 2 
0 0.80248 0.87443 0.01147 0.00754 0.80584 0.87251 2 
0 0.80096 0.96393 0.01133 0.00794 0.80510 0.96604 2 
0 0.81209 0.98454 0.01147 0.00800 0.80789 0.98208 2 
0 0.86017 0.09384 0.00992 0.00647 0.86355 0.09564 2 
0 0.87622 0.11830 0.00803 0.00577 0.87353 0.11701 2 
0 0.87380 0.12851 0.00826 0.00513 0.87119 0.12919 2 
0 0.86050 0.15067 0.00888 0.00533 0.86336 0.14989 2 
0 0.86013 0.30935 0.01074 0.00663 0.86293 0.31095 2 
0 0.87715 0.33270 0.01046 0.00740 0.87364 0.33116 2 
0 0.87525 0.36751 0.01122 0.00724 0.87111 0.36896 2 
0 0.85935 0.39157 0.00992 0.00631 0.86245 0.39055 2 
0 0.85910 0.54581 0.00981 0.00616 0.86228 0.54694 2 
0 0.87480 0.56710 0.01178 0.00753 0.87077 0.56519 2 
0 0.87526 0.59751 0.00938 0.00705 0.87187 0.59877 2 
0 0.86068 0.61969 0.01144 0.00657 0.86431 0.61899 2 
0 0.86356 0.78549 0.00843 0.00691 0.86581 0.78658 2 
0 0.87105 0.80290 0.00682 0.00675 0.86905 0.80160 2 
0 0.87402 0.81376 0.00679 0.00502 0.87263 0.81436 2 
0 0.86060 0.83693 0.00810 0.00584 0.86279 0.83630 2 
0 0.95826 0.07753 0.00886 0.00561 0.95552 0.07842 2 
0 0.94647 0.09815 0.00825 0.00564 0.94897 0.09683 2 
0 0.94596 0.14500 0.00906 0.00722 0.94855 0.14656 2 
0 0.95524 0.16528 0.01033 0.00756 0.95191 0.16325 2 
0 0.95572 0.31957 0.00997 0.00664 0.95250 0.32094 2 
0 0.94745 0.33736 0.00908 0.00711 0.95054 0.33558 2 
0 0.94541 0.35900 0.00849 0.00717 0.94813 0.36042 2 
0 0.95473 0.37840 0.01068 0.00897 0.95110 0.37592 2 
0 0.95466 0.55756 0.00893 0.00689 0.95223 0.55878 2 
0 0.94520 0.58650 0.01014 0.00694 0.94838 0.58819 2 
0 0.95643 0.60879 0.01311 0.00864 0.95204 0.60619 2 
0 0.95743 0.76418 0.00945 0.00608 0.95403 0.76517 2 
0 0.94699 0.78332 0.01053 0.00758 0.95052 0.78164 2 
0 0.94534 0.83314 0.00972 0.00728 0.94853 0.83444 2 
0 0.95677 0.85351 0.01345 0.00981 0.95162 0.85053 2 
0 0.95705 0.99674 0.01061 0.00653 0.95314 0.99783 2 
