0 0.51944 0.00360 0.00781 0.00556 0.51931 0.00346 2 
0 0.40167 0.00849 0.01629 0.00706 0.40200 0.00852 2 
0 0.40237 0.02889 0.01230 0.00934 0.40228 0.02905 2 
0 0.51841 0.02069 0.00949 0.00807 0.51861 0.02091 2 
0 0.72006 0.08846 0.00779 0.01406 0.71991 0.08848 2 
0 0.20545 0.08818 0.02999 0.01468 0.20539 0.08871 2 
0 0.20337 0.10901 0.02165 0.01179 0.20331 0.10875 2 
0 0.39777 0.17695 0.00664 0.00679 0.39736 0.17685 2 
0 0.39818 0.19630 0.00764 0.00741 0.39882 0.19619 2 
0 0.39545 0.23642 0.00600 0.00597 0.39591 0.23642 2 
0 0.40418 0.25216 0.00873 0.00782 0.40382 0.25288 2 
0 0.51732 0.18107 0.00845 0.00638 0.51782 0.18056 2 
0 0.52032 0.19691 0.00991 0.00844 0.52018 0.19691 2 
0 0.51845 0.23596 0.01218 0.00916 0.51827 0.23632 2 
0 0.52241 0.25381 0.00900 0.00782 0.52173 0.25484 2 
0 0.71521 0.10282 0.00825 0.00733 0.71613 0.10316 2 
0 0.71776 0.11231 0.00818 0.00764 0.71763 0.11242 2 
0 0.20393 0.31620 0.01245 0.00852 0.20558 0.31590 2 
0 0.20115 0.32487 0.01245 0.00659 0.20075 0.32482 2 
0 0.19685 0.33561 0.00887 0.00720 0.19636 0.33567 2 
0 0.20706 0.34519 0.00959 0.01298 0.20693 0.34560 2 
0 0.01336 0.02558 0.01186 0.00440 0.01252 0.02642 2 
0 0.01215 0.71336 0.01424 0.00561 0.01168 0.71500 2 
0 0.39748 0.41509 0.01092 0.00879 0.39736 0.41559 2 
0 0.51748 0.39412 0.01210 0.00751 0.51819 0.39412 2 
0 0.52139 0.41023 0.01067 0.00993 0.52056 0.41023 2 
0 0.39724 0.43149 0.00949 0.00899 0.39831 0.43210 2 
0 0.39724 0.45075 0.01043 0.00778 0.39890 0.45035 2 
0 0.51967 0.47336 0.00866 0.00953 0.51878 0.47397 2 
0 0.40198 0.46672 0.01020 0.01020 0.40103 0.46632 2 
0 0.51635 0.48973 0.01079 0.00872 0.51689 0.48953 2 
0 0.71773 0.30689 0.01034 0.00636 0.71829 0.30702 2 
0 0.71588 0.33775 0.00876 0.00680 0.71689 0.33804 2 
0 0.72023 0.32262 0.00803 0.01290 0.72014 0.32253 2 
0 0.20595 0.52787 0.01851 0.01328 0.20561 0.52778 2 
0 0.20737 0.58371 0.02005 0.01017 0.20720 0.58507 2 
0 0.18803 0.54824 0.01271 0.00843 0.19033 0.54936 2 
0 0.19607 0.56658 0.02187 0.00488 0.19592 0.56625 2 
0 0.72015 0.55279 0.01478 0.00476 0.71718 0.55289 2 
0 0.71328 0.56001 0.02050 0.00624 0.71777 0.55999 2 
0 0.71295 0.56980 0.02126 0.00829 0.71617 0.56990 2 
0 0.72004 0.57762 0.01558 0.00534 0.71899 0.57762 2 
0 0.40054 0.65691 0.01651 0.00546 0.40002 0.65657 2 
0 0.51736 0.63910 0.01401 0.00687 0.51903 0.63903 2 
0 0.51953 0.65720 0.01463 0.01024 0.52014 0.65614 2 
0 0.51785 0.71205 0.01252 0.01080 0.51779 0.71395 2 
0 0.51810 0.73036 0.01426 0.00954 0.51829 0.72980 2 
0 0.39921 0.67256 0.01351 0.00982 0.39878 0.67242 2 
0 0.39897 0.69669 0.01376 0.00814 0.39952 0.69683 2 
0 0.39921 0.71338 0.01376 0.00982 0.39915 0.71296 2 
0 0.18981 0.77354 0.01257 0.01182 0.19008 0.77407 2 
0 0.20585 0.77345 0.01711 0.01349 0.20763 0.77345 2 
0 0.19827 0.79372 0.03200 0.01006 0.19738 0.79364 2 
0 0.72275 0.76405 0.01217 0.00636 0.72122 0.76304 2 
0 0.71802 0.78229 0.01238 0.01047 0.71745 0.78196 2 
0 0.71855 0.80036 0.01145 0.00797 0.71816 0.80072 2 
0 0.71870 0.81715 0.01729 0.00773 0.71838 0.81763 2 
0 0.39898 0.86500 0.01605 0.00931 0.39797 0.86604 2 
0 0.52603 0.85012 0.01524 0.00977 0.52677 0.84905 2 
0 0.51989 0.86851 0.01295 0.00900 0.51968 0.86854 2 
0 0.51834 0.92605 0.01281 0.00809 0.51787 0.92708 2 
0 0.39588 0.92285 0.01173 0.00962 0.39704 0.92416 2 
0 0.40337 0.88416 0.02293 0.01038 0.40417 0.88595 2 
0 0.40303 0.90827 0.02360 0.00549 0.40320 0.90749 2 
0 0.52117 0.94498 0.01821 0.00931 0.52003 0.94564 2 
0 0.20970 0.98759 0.02325 0.00867 0.20920 0.98556 2 
0 0.71985 0.97497 0.01556 0.00690 0.72005 0.97494 2 
0 0.71906 0.99348 0.01148 0.00913 0.71860 0.99369 2 
0 0.94899 0.00336 0.00459 0.00380 0.94915 0.00285 2 
0 0.95109 0.01586 0.00723 0.00614 0.95090 0.01667 2 
0 0.86707 0.01538 0.00527 0.00438 0.86719 0.01648 2 
0 0.80984 0.04001 0.00738 0.00418 0.80918 0.03940 2 
0 0.80716 0.05429 0.00419 0.00461 0.80741 0.05465 2 
0 0.80580 0.14155 0.00544 0.00490 0.80669 0.14083 2 
0 0.80896 0.15372 0.00804 0.00644 0.80884 0.15470 2 
0 0.86550 0.17986 0.00637 0.00595 0.86694 0.17908 2 
0 0.95346 0.16880 0.00799 0.00487 0.95218 0.16775 2 
0 0.94993 0.18152 0.00523 0.00477 0.95039 0.18229 2 
0 0.94810 0.22777 0.00603 0.00455 0.94895 0.22706 2 
0 0.95116 0.24487 0.00843 0.00582 0.95086 0.24584 2 
0 0.86957 0.19283 0.00786 0.00626 0 0 0 
0 0.87078 0.21775 0.00925 0.00453 0.87084 0.21653 2 
0 0.86530 0.23131 0.00810 0.00804 0.86617 0.23360 2 
0 0.81073 0.25701 0.00760 0.00461 0.81016 0.25579 2 
0 0.80706 0.26977 0.00458 0.00539 0.80744 0.27026 2 
0 0.80604 0.37585 0.00496 0.00430 0.80662 0.37500 2 
0 0.80981 0.39117 0.00824 0.00561 0.80898 0.39234 2 
0 0.86606 0.41581 0.00594 0.00411 0.86692 0.41517 2 
0 0.95215 0.41516 0.00673 0.00521 0.95172 0.41432 2 
0 0.95007 0.42690 0.00594 0.00542 0.95004 0.42803 2 
0 0.87009 0.43186 0.00815 0.00612 0.86905 0.43287 2 
0 0.87102 0.46325 0.00806 0.00451 0.87018 0.46262 2 
0 0.94661 0.46295 0.00895 0.00531 0.94725 0.46218 2 
0 0.95153 0.47904 0.00691 0.00582 0.95133 0.48050 2 
0 0.86535 0.47809 0.00930 0.00692 0.86630 0.47933 2 
0 0.80989 0.50266 0.00790 0.00511 0.80906 0.50184 2 
0 0.80696 0.51534 0.00501 0.00526 0.80734 0.51660 2 
0 0.80511 0.61591 0.00716 0.00645 0.80598 0.61477 2 
0 0.80825 0.63008 0.00628 0.00521 0.80790 0.63062 2 
0 0.95187 0.62872 0.00643 0.00479 0.95170 0.62809 2 
0 0.95019 0.63885 0.00482 0.00587 0.95054 0.63957 2 
0 0.86550 0.65528 0.00615 0.00408 0.86681 0.65479 2 
0 0.86910 0.66813 0.00653 0.00446 0.86899 0.66897 2 
0 0.87015 0.67623 0.00509 0.00381 0.86966 0.67539 2 
0 0.94807 0.70296 0.00666 0.00484 0.94899 0.70217 2 
0 0.95199 0.71547 0.00705 0.00572 0.95150 0.71650 2 
0 0.86683 0.68863 0.00511 0.00559 0.86745 0.68980 2 
0 0.80965 0.71470 0.00510 0.00416 0.80914 0.71365 2 
0 0.80715 0.72715 0.00397 0.00449 0.80721 0.72783 2 
0 0.95219 0.83665 0.00602 0.00398 0.95203 0.83576 2 
0 0.95048 0.84890 0.00526 0.00572 0.95055 0.85002 2 
0 0.94879 0.94223 0.00505 0.00442 0.94929 0.94141 2 
0 0.95146 0.95356 0.00531 0.00522 0.95105 0.95428 2 
0 0.87081 0.88359 0.00726 0.00394 0.86897 0.88313 2 
0 0.86618 0.89363 0.00482 0.00402 0.86675 0.89339 2 
0 0.85815 0.90403 0.01239 0.00562 0.86167 0.90425 2 
0 0.86842 0.90652 0.00447 0.00472 0.86836 0.90693 2 
0 0.80539 0.85582 0.00605 0.00526 0.80623 0.85470 2 
0 0.80924 0.86883 0.00645 0.00537 0.80900 0.86966 2 
0 0.80849 0.92464 0.00415 0.00407 0.80853 0.92422 2 
0 0.80664 0.93833 0.00535 0.00588 0.80715 0.93915 2 
0 0.17181 0.07423 0.01218 0.00772 0.17236 0.07551 2 
