0 0.39604 0.01055 0.00913 0.00476 0.39752 0.00964 2 
0 0.39869 0.02611 0.01093 0.00804 0.39890 0.02639 2 
0 0.51779 0.02429 0.00890 0.00513 0.51784 0.02416 2 
0 0.52032 0.04130 0.00956 0.00920 0.51981 0.04164 2 
0 0.51907 0.06806 0.01025 0.00633 0.51841 0.06806 2 
0 0.39983 0.08100 0.01047 0.00603 0.40049 0.08081 2 
0 0.40279 0.09782 0.00863 0.00746 0.40236 0.09789 2 
0 0.52428 0.08995 0.01221 0.01270 0.52459 0.08972 2 
0 0.00978 0.07738 0.00514 0.00506 0.01010 0.07721 2 
0 0.19579 0.13901 0.02577 0.00779 0.19519 0.13943 2 
0 0.21064 0.16093 0.02823 0.00963 0.20856 0.16019 2 
0 0.20140 0.18098 0.01540 0.00847 0.20050 0.18115 2 
0 0.00976 0.31920 0.00556 0.00644 0.00982 0.31906 2 
0 0.01174 0.54639 0.00730 0.00672 0.01224 0.54667 2 
0 0.20753 0.37402 0.02309 0.00932 0.20718 0.37232 2 
0 0.19288 0.38237 0.01839 0.00568 0.19393 0.38175 2 
0 0.18898 0.39992 0.01117 0.00514 0.19005 0.40064 2 
0 0.20562 0.39908 0.01682 0.00725 0.20469 0.39956 2 
0 0.20431 0.62592 0.02154 0.01965 0.20387 0.62531 2 
0 0.19651 0.64480 0.01875 0.00865 0.19623 0.64371 2 
0 0.19522 0.83583 0.02412 0.00524 0.19413 0.83550 2 
0 0.20683 0.85042 0.02007 0.01500 0.20430 0.85087 2 
0 0.19602 0.86934 0.02274 0.00609 0.19552 0.86967 2 
0 0.71322 0.15437 0.02842 0.01195 0.71947 0.15434 2 
0 0.71661 0.17521 0.02659 0.01336 0.71747 0.17306 2 
0 0.39681 0.22527 0.02476 0.00658 0.39694 0.22519 2 
0 0.52724 0.23416 0.01626 0.00609 0.52507 0.23359 2 
0 0.40392 0.24141 0.02584 0.00841 0.40039 0.24171 2 
0 0.51819 0.25457 0.01540 0.01109 0.51765 0.25371 2 
0 0.51502 0.28289 0.01787 0.00634 0.51607 0.28322 2 
0 0.40090 0.29325 0.01335 0.00755 0.39968 0.29362 2 
0 0.39950 0.31207 0.01378 0.00962 0.39902 0.31081 2 
0 0.52438 0.30409 0.01292 0.00731 0.52263 0.30562 2 
0 0.39362 0.47062 0.01377 0.01068 0.39669 0.47269 2 
0 0.40435 0.49179 0.02445 0.01395 0.40421 0.49021 2 
0 0.40539 0.53790 0.02574 0.01102 0.39988 0.53981 2 
0 0.39952 0.56140 0.01567 0.01041 0.40097 0.55837 2 
0 0.51958 0.48052 0.01190 0.00828 0.51903 0.48243 2 
0 0.51821 0.50131 0.02156 0.01187 0.52218 0.49893 2 
0 0.51608 0.52883 0.01639 0.01047 0.51756 0.53110 2 
0 0.52447 0.54863 0.01036 0.01209 0.52412 0.54791 2 
0 0.39792 0.69931 0.01706 0.00483 0.39775 0.69895 2 
0 0.40357 0.71853 0.02428 0.01271 0.40098 0.71651 2 
0 0.40145 0.77138 0.01249 0.00819 0.40173 0.77166 2 
0 0.39981 0.78656 0.00835 0.00833 0.39944 0.78649 2 
0 0.52547 0.71761 0.01367 0.00473 0.52470 0.71660 2 
0 0.51901 0.73270 0.01028 0.00668 0.51866 0.73290 2 
0 0.51808 0.75649 0.01280 0.00833 0.51775 0.75674 2 
0 0.51881 0.77481 0.01294 0.00773 0.51906 0.77479 2 
0 0.39919 0.92779 0.02479 0.00546 0.39872 0.92779 2 
0 0.40401 0.94465 0.02826 0.00896 0.39919 0.94522 2 
0 0.40590 0.99192 0.02659 0.00665 0.40582 0.99155 2 
0 0.52189 0.93535 0.02127 0.00560 0.52163 0.93497 2 
0 0.52118 0.95277 0.01552 0.00826 0.52079 0.95232 2 
0 0.51555 0.98618 0.01787 0.00609 0.51840 0.98613 2 
0 0.71506 0.37471 0.01951 0.00482 0.71622 0.37412 2 
0 0.71726 0.39046 0.01021 0.00665 0.71732 0.39042 2 
0 0.71706 0.39854 0.01072 0.00541 0.71739 0.39825 2 
0 0.71693 0.41882 0.01563 0.00885 0.71590 0.41842 2 
0 0.71340 0.61771 0.02009 0.00570 0.71404 0.61756 2 
0 0.71455 0.64736 0.01912 0.00914 0.71466 0.64818 2 
0 0.72253 0.62956 0.01065 0.00339 0.72055 0.62942 2 
0 0.72135 0.63468 0.01522 0.00597 0.71873 0.63428 2 
0 0.71219 0.84470 0.02017 0.00519 0.71315 0.84433 2 
0 0.71981 0.85346 0.01705 0.00500 0.71946 0.85329 2 
0 0.71964 0.86178 0.01655 0.00658 0.71820 0.86195 2 
0 0.71770 0.87348 0.01217 0.01082 0.71840 0.87257 2 
0 0.81601 0.00139 0.00672 0.00279 0.81453 0.00134 2 
0 0.86525 0.02232 0.00620 0.00402 0.86674 0.02181 2 
0 0.86977 0.03678 0.00682 0.00529 0.86981 0.03811 2 
0 0.87113 0.06594 0.00838 0.00476 0.87113 0.06514 2 
0 0.95154 0.02144 0.00373 0.00455 0.95130 0.02042 2 
0 0.95038 0.03362 0.00395 0.00406 0.95015 0.03469 2 
0 0.94895 0.06955 0.00428 0.00336 0.94975 0.06894 2 
0 0.95163 0.09133 0.00551 0.00673 0.95123 0.09278 2 
0 0.86742 0.07912 0.00361 0.00455 0.86762 0.08031 2 
0 0.80892 0.10505 0.00363 0.00376 0.80847 0.10459 2 
0 0.80592 0.11948 0.00584 0.00484 0.80615 0.12035 2 
0 0.80535 0.21160 0.00574 0.00567 0.80555 0.21012 2 
0 0.80959 0.22655 0.00726 0.00658 0.80999 0.22857 2 
0 0.80983 0.34703 0.00588 0.00397 0.80969 0.34603 2 
0 0.80728 0.36088 0.00382 0.00490 0.80726 0.36150 2 
0 0.80574 0.42893 0.00574 0.00557 0.80614 0.42780 2 
0 0.81075 0.44488 0.00943 0.00670 0.81063 0.44667 2 
0 0.81048 0.58048 0.00750 0.00544 0.81038 0.57867 2 
0 0.80562 0.59361 0.00633 0.00557 0.80582 0.59507 2 
0 0.80461 0.67113 0.00739 0.00531 0.80444 0.66956 2 
0 0.80993 0.68586 0.00756 0.00630 0.80984 0.68761 2 
0 0.81051 0.80478 0.00772 0.00568 0.80974 0.80300 2 
0 0.80618 0.81717 0.00579 0.00612 0.80621 0.81897 2 
0 0.80566 0.90019 0.00574 0.00375 0.80616 0.89917 2 
0 0.81087 0.91442 0.00877 0.00562 0.81058 0.91625 2 
0 0.86681 0.25199 0.00369 0.00371 0.86670 0.25101 2 
0 0.86925 0.26489 0.00512 0.00436 0.86913 0.26605 2 
0 0.87068 0.30361 0.00652 0.00417 0.87063 0.30239 2 
0 0.86259 0.32385 0.01352 0.00904 0.86371 0.32557 2 
0 0.95261 0.24724 0.00583 0.00468 0.95235 0.24582 2 
0 0.95004 0.26575 0.00482 0.00522 0.94999 0.26702 2 
0 0.94615 0.29887 0.00933 0.00582 0.94622 0.29748 2 
0 0.95256 0.31368 0.00710 0.00630 0.95247 0.31545 2 
0 0.86620 0.46894 0.00396 0.00361 0.86672 0.46814 2 
0 0.86999 0.48293 0.00677 0.00435 0.86951 0.48425 2 
0 0.87030 0.54038 0.00585 0.00353 0.87023 0.53939 2 
0 0.86338 0.55610 0.01131 0.00910 0.86222 0.55944 2 
0 0.95329 0.49168 0.00737 0.00399 0.95268 0.49072 2 
0 0.94984 0.50347 0.00454 0.00456 0.94985 0.50461 2 
0 0.94783 0.51716 0.00610 0.00464 0.94867 0.51603 2 
0 0.95343 0.53074 0.00892 0.00737 0.95336 0.53303 2 
0 0.86659 0.71093 0.00375 0.00414 0.86664 0.70986 2 
0 0.87432 0.72497 0.01589 0.00991 0.87482 0.72783 2 
0 0.87379 0.76373 0.01371 0.00797 0.87418 0.76158 2 
0 0.85980 0.78430 0.01362 0.00519 0.86075 0.78506 2 
0 0.95324 0.71698 0.00699 0.00451 0.95322 0.71592 2 
0 0.94956 0.73061 0.00463 0.00503 0.94968 0.73206 2 
0 0.94791 0.75781 0.00588 0.00482 0.94840 0.75669 2 
0 0.95150 0.77041 0.00537 0.00519 0.95108 0.77164 2 
0 0.86530 0.93892 0.00563 0.00410 0.86645 0.93792 2 
0 0.87117 0.95312 0.00898 0.00537 0.87133 0.95436 2 
0 0.87152 0.98362 0.00768 0.00464 0.87150 0.98244 2 
0 0.94780 0.98671 0.00601 0.00348 0.94882 0.98586 2 
0 0.95323 0.93792 0.00744 0.00479 0.95243 0.93694 2 
0 0.94975 0.95022 0.00492 0.00568 0.95025 0.95192 2 
