0 0.72383 0.00807 0.01173 0.00892 0.72043 0.00667 2 
0 0.80364 0.04293 0.01011 0.00797 0.80694 0.04398 2 
0 0.81082 0.06641 0.00848 0.01055 0.80851 0.06618 2 
0 0.80580 0.07816 0.00710 0.00926 0.80773 0.07823 2 
0 0.86937 0.01373 0.00716 0.00741 0.86756 0.01289 2 
0 0.87210 0.02631 0.00880 0.00617 0.86940 0.02716 2 
0 0.86115 0.04572 0.01227 0.00841 0.86272 0.04491 2 
0 0.86385 0.08823 0.01139 0.00826 0.86736 0.08981 2 
0 0.87267 0.10289 0.01118 0.00934 0.86933 0.10285 2 
0 0.94686 0.05147 0.00832 0.00972 0.94938 0.05031 2 
0 0.95313 0.06354 0.00873 0.00903 0.95034 0.06219 2 
0 0.40339 0.02116 0.01636 0.00894 0.40044 0.02250 2 
0 0.51415 0.03209 0.01918 0.01140 0.51489 0.03391 2 
0 0.52017 0.05749 0.01646 0.01161 0.51632 0.05523 2 
0 0.39806 0.04220 0.01751 0.01120 0.39968 0.04048 2 
0 0.19030 0.09614 0.01780 0.00528 0.19306 0.09645 2 
0 0.20637 0.10407 0.01688 0.00623 0.20392 0.10385 2 
0 0.20497 0.11472 0.01345 0.00632 0.20193 0.11471 2 
0 0.19539 0.12344 0.01920 0.00596 0.20090 0.12339 2 
0 0.21005 0.24212 0.01784 0.00984 0.20636 0.24235 2 
0 0.19528 0.31031 0.02057 0.00836 0.19482 0.31154 2 
0 0.19994 0.33202 0.01511 0.01382 0.19846 0.33102 2 
0 0.19373 0.35433 0.01697 0.00894 0.19659 0.35237 2 
0 0.18957 0.55100 0.01786 0.00927 0.19322 0.55277 2 
0 0.20266 0.57040 0.01442 0.01822 0.20001 0.57153 2 
0 0.19555 0.58682 0.01357 0.00829 0.19932 0.58596 2 
0 0.19425 0.80978 0.02357 0.00522 0.19860 0.80963 2 
0 0.20736 0.82771 0.02020 0.01110 0.20351 0.82978 2 
0 0.21198 0.85986 0.02669 0.01029 0.20629 0.86075 2 
0 0.19535 0.87816 0.02240 0.00705 0.19764 0.87755 2 
0 0.39629 0.18460 0.00918 0.00768 0.39813 0.18598 2 
0 0.40022 0.20391 0.00978 0.00962 0.39864 0.20336 2 
0 0.40018 0.25495 0.00914 0.00510 0.39926 0.25504 2 
0 0.39664 0.27362 0.01334 0.01155 0.39937 0.27039 2 
0 0.39308 0.30900 0.01192 0.01507 0.39697 0.30882 2 
0 0.40030 0.32685 0.01201 0.01052 0.39828 0.32578 2 
0 0.39329 0.40373 0.01636 0.00736 0.39864 0.40408 2 
0 0.40415 0.42121 0.02075 0.00944 0.39806 0.42112 2 
0 0.40044 0.48704 0.01141 0.00614 0.39915 0.48741 2 
0 0.39966 0.50596 0.01096 0.00849 0.40138 0.50483 2 
0 0.39361 0.64643 0.01111 0.01269 0.39638 0.64566 2 
0 0.40046 0.66371 0.01067 0.01219 0.39791 0.66369 2 
0 0.39791 0.77739 0.01303 0.00650 0.39934 0.77778 2 
0 0.39935 0.79426 0.01986 0.00534 0.39977 0.79416 2 
0 0.39477 0.90088 0.00981 0.00983 0.39715 0.90181 2 
0 0.39920 0.91941 0.01046 0.00820 0.39744 0.91894 2 
0 0.39955 0.94485 0.01029 0.00538 0.39897 0.94527 2 
0 0.39549 0.96205 0.00913 0.01060 0.39744 0.95996 2 
0 0.51950 0.19656 0.01395 0.00701 0.51860 0.19830 2 
0 0.51721 0.21793 0.01409 0.00898 0.52009 0.21647 2 
0 0.51574 0.24462 0.01429 0.00868 0.51810 0.24619 2 
0 0.52150 0.26559 0.01627 0.01128 0.51856 0.26333 2 
0 0.51666 0.36698 0.01404 0.00895 0.51837 0.36873 2 
0 0.51877 0.38926 0.01120 0.00957 0.51825 0.38703 2 
0 0.52041 0.42636 0.01494 0.00908 0.51841 0.42835 2 
0 0.51571 0.44810 0.01633 0.00671 0.51944 0.44834 2 
0 0.51491 0.46333 0.01816 0.00601 0.51848 0.46366 2 
0 0.52134 0.48444 0.01588 0.01207 0.51738 0.48213 2 
0 0.51776 0.70500 0.01277 0.00831 0.51963 0.70643 2 
0 0.52045 0.72283 0.01548 0.01540 0.51619 0.72209 2 
0 0.51912 0.73866 0.01174 0.00987 0.52219 0.73789 2 
0 0.52540 0.88813 0.01093 0.00956 0.52342 0.88958 2 
0 0.51833 0.90578 0.01155 0.00870 0.52089 0.90503 2 
0 0.51539 0.96019 0.01743 0.00658 0.52051 0.96006 2 
0 0.52129 0.97521 0.01602 0.00753 0.51852 0.97529 2 
0 0.71540 0.11586 0.02802 0.01209 0.71883 0.11906 2 
0 0.71085 0.13613 0.01108 0.01125 0.71213 0.13497 2 
0 0.72265 0.13338 0.01093 0.01192 0.71998 0.13358 2 
0 0.71379 0.33351 0.01429 0.01093 0.71443 0.33461 2 
0 0.71884 0.34512 0.00962 0.00533 0.71981 0.34603 2 
0 0.72024 0.35168 0.01291 0.00649 0.71664 0.35153 2 
0 0.71379 0.36322 0.01941 0.00723 0.71522 0.36300 2 
0 0.71701 0.45323 0.01144 0.00809 0.71966 0.45419 2 
0 0.71985 0.47210 0.01310 0.00818 0.71757 0.47169 2 
0 0.71400 0.54112 0.01792 0.01072 0.71846 0.54333 2 
0 0.71971 0.56276 0.01401 0.01159 0.71642 0.56083 2 
0 0.71808 0.63510 0.01179 0.00690 0.71595 0.63633 2 
0 0.71412 0.65740 0.01842 0.01321 0.71951 0.65517 2 
0 0.71417 0.78568 0.01467 0.00960 0.71691 0.78825 2 
0 0.71831 0.80448 0.01422 0.01323 0.71669 0.80458 2 
0 0.71485 0.82292 0.01603 0.01228 0.71691 0.82075 2 
0 0.80507 0.17318 0.00652 0.00822 0.80579 0.17217 2 
0 0.81016 0.18709 0.00775 0.00822 0.80800 0.18803 2 
0 0.80952 0.29822 0.00596 0.00658 0.80854 0.29681 2 
0 0.80625 0.30905 0.00574 0.00708 0.80766 0.30839 2 
0 0.80572 0.39057 0.00603 0.00835 0.80675 0.38978 2 
0 0.80954 0.40349 0.00689 0.00822 0.80832 0.40375 2 
0 0.80565 0.50967 0.00596 0.00755 0.80660 0.50803 2 
0 0.81047 0.52352 0.00749 0.00733 0.80952 0.52394 2 
0 0.80962 0.53688 0.00831 0.00717 0.80744 0.53789 2 
0 0.80410 0.56316 0.00682 0.00712 0.80628 0.56164 2 
0 0.81074 0.58672 0.00801 0.00972 0.80812 0.58531 2 
0 0.80637 0.59954 0.00554 0.00969 0.80692 0.60039 2 
0 0.81007 0.61323 0.00859 0.01093 0.80849 0.61411 2 
0 0.80974 0.75211 0.00624 0.00693 0.80790 0.75383 2 
0 0.80648 0.76586 0.00493 0.00693 0.80727 0.76639 2 
0 0.80438 0.84223 0.00839 0.00936 0.80589 0.84178 2 
0 0.80974 0.85756 0.00735 0.01105 0.80744 0.85853 2 
0 0.81136 0.90148 0.01004 0.00814 0.81080 0.89903 2 
0 0.80532 0.91563 0.00736 0.00990 0.80623 0.91725 2 
0 0.86290 0.98997 0.00944 0.00675 0.86519 0.98921 2 
0 0.87228 0.97097 0.01060 0.00989 0.86851 0.97180 2 
0 0.94916 0.13643 0.00626 0.00545 0.95052 0.13740 2 
0 0.95307 0.14919 0.00760 0.00921 0.95133 0.14848 2 
0 0.95317 0.20757 0.00751 0.00633 0.95076 0.20847 2 
0 0.94864 0.21980 0.00718 0.00830 0.95031 0.22066 2 
0 0.86485 0.21176 0.00696 0.00874 0.86515 0.21035 2 
0 0.87027 0.22547 0.00836 0.00960 0.86990 0.22869 2 
0 0.87079 0.25737 0.00685 0.00636 0.86860 0.25667 2 
0 0.86467 0.27412 0.00775 0.00845 0.86377 0.27581 2 
0 0.94681 0.25998 0.00882 0.00864 0.94965 0.26163 2 
0 0.95370 0.27476 0.00966 0.01049 0.95111 0.27657 2 
0 0.86408 0.42713 0.00897 0.00834 0.86676 0.42698 2 
0 0.87121 0.44228 0.00973 0.01078 0.86856 0.44201 2 
0 0.95315 0.44696 0.00827 0.00787 0.95068 0.44877 2 
0 0.94756 0.46309 0.00723 0.00630 0.94936 0.46215 2 
0 0.94752 0.47584 0.00619 0.01007 0.94804 0.47435 2 
0 0.95204 0.48749 0.00688 0.00881 0.95013 0.48757 2 
0 0.95128 0.49673 0.00438 0.00590 0.95194 0.49630 2 
0 0.94804 0.51113 0.00807 0.01078 0.95023 0.51209 2 
0 0.87037 0.49693 0.00932 0.00755 0.86924 0.49769 2 
0 0.86217 0.51692 0.00932 0.00803 0.86311 0.51817 2 
0 0.86746 0.54703 0.01355 0.00839 0.87008 0.54603 2 
0 0.86084 0.56487 0.00893 0.00584 0.86163 0.56467 2 
0 0.87153 0.56157 0.01027 0.01093 0.86969 0.56375 2 
0 0.94668 0.59574 0.00887 0.00898 0.94788 0.59364 2 
0 0.95508 0.61005 0.01129 0.00866 0.95196 0.60942 2 
0 0.86396 0.63688 0.00855 0.00842 0.86478 0.63590 2 
0 0.87016 0.65182 0.00792 0.00979 0.86859 0.65283 2 
0 0.95403 0.66436 0.00865 0.00913 0.95164 0.66508 2 
0 0.94873 0.67583 0.00671 0.00820 0.94937 0.67789 2 
0 0.94778 0.68674 0.00676 0.00693 0.94830 0.68469 2 
0 0.95285 0.70096 0.00854 0.01128 0.95081 0.70140 2 
0 0.87091 0.71312 0.00797 0.00930 0.86926 0.71228 2 
0 0.86481 0.72957 0.00860 0.00820 0.86725 0.72800 2 
0 0.95260 0.81788 0.00735 0.00769 0.95163 0.81797 2 
0 0.94805 0.83150 0.00775 0.01005 0.94997 0.83207 2 
0 0.87032 0.86276 0.00597 0.00684 0.86974 0.86215 2 
0 0.86299 0.88260 0.01132 0.01139 0.86348 0.88072 2 
0 0.87204 0.89944 0.01191 0.01041 0.87132 0.90164 2 
0 0.95438 0.92098 0.00956 0.00915 0.95167 0.92211 2 
0 0.94843 0.93505 0.00742 0.01099 0.95006 0.93567 2 
0 0.95339 0.94898 0.00933 0.01082 0.95192 0.94982 2 
