0 0.20531 0.14305 0.01027 0.00725 0.20220 0.14451 2 
0 0.19358 0.16470 0.00967 0.00496 0.19429 0.16451 2 
0 0.19264 0.17172 0.00697 0.00519 0.19356 0.17175 2 
0 0.20342 0.19175 0.01180 0.00946 0.20004 0.18931 2 
0 0.19817 0.25515 0.01229 0.00575 0.19995 0.25533 2 
0 0.20580 0.27391 0.00968 0.00989 0.20311 0.27186 2 
0 0.18898 0.37935 0.00978 0.00590 0.19122 0.37984 2 
0 0.20334 0.37964 0.00944 0.00626 0.20047 0.37974 2 
0 0.18906 0.39938 0.00937 0.00679 0.19110 0.39891 2 
0 0.20286 0.39869 0.01135 0.00818 0.19926 0.39750 2 
0 0.18775 0.59769 0.01150 0.00524 0.19122 0.59820 2 
0 0.20632 0.60098 0.01106 0.00663 0.20285 0.60226 2 
0 0.20377 0.61724 0.01030 0.00604 0.20073 0.61634 2 
0 0.19225 0.62266 0.01250 0.00640 0.19619 0.62163 2 
0 0.20172 0.73251 0.01974 0.01322 0.19460 0.72941 2 
0 0.19079 0.80571 0.01672 0.00826 0.19670 0.80728 2 
0 0.20571 0.82594 0.00624 0.00833 0.20490 0.82554 2 
0 0.20664 0.83619 0.01221 0.00661 0.20269 0.83687 2 
0 0.19284 0.85739 0.01579 0.00848 0.19835 0.85556 2 
0 0.39430 0.01302 0.00920 0.00807 0.39674 0.01435 2 
0 0.39875 0.03299 0.01142 0.00603 0.39575 0.03258 2 
0 0.40051 0.06163 0.00970 0.00449 0.39999 0.06163 2 
0 0.39559 0.08055 0.00916 0.00567 0.39796 0.08078 2 
0 0.39374 0.26136 0.01105 0.00863 0.39647 0.26317 2 
0 0.39956 0.28212 0.01151 0.00623 0.39674 0.28110 2 
0 0.40100 0.29920 0.00952 0.00475 0.39877 0.29917 2 
0 0.39421 0.31789 0.00975 0.00577 0.39719 0.31771 2 
0 0.39403 0.34260 0.01038 0.00730 0.39651 0.34339 2 
0 0.40046 0.36474 0.01142 0.00572 0.39719 0.36417 2 
0 0.39460 0.46878 0.01006 0.00781 0.39692 0.47023 2 
0 0.40100 0.48637 0.01187 0.00868 0.39818 0.48616 2 
0 0.40152 0.52254 0.01263 0.00465 0.39940 0.52282 2 
0 0.39584 0.53916 0.00902 0.00643 0.39782 0.53840 2 
0 0.39388 0.68742 0.01187 0.00812 0.39642 0.68888 2 
0 0.40064 0.70958 0.01232 0.00771 0.39733 0.70823 2 
0 0.40085 0.75753 0.01065 0.00608 0.39787 0.75786 2 
0 0.39922 0.77428 0.01155 0.00669 0.40197 0.77364 2 
0 0.39534 0.79874 0.01092 0.00832 0.39724 0.80050 2 
0 0.40053 0.81687 0.01651 0.00557 0.39805 0.81628 2 
0 0.39248 0.89348 0.01286 0.00950 0.39615 0.89532 2 
0 0.40146 0.91480 0.01295 0.00904 0.39724 0.91325 2 
0 0.39823 0.98287 0.01092 0.00495 0.39737 0.98305 2 
0 0.52605 0.00367 0.00973 0.00467 0.52325 0.00410 2 
0 0.51833 0.02273 0.01044 0.00543 0.52085 0.02235 2 
0 0.51163 0.07128 0.01145 0.00877 0.51454 0.07328 2 
0 0.52521 0.09191 0.01402 0.00953 0.52077 0.09077 2 
0 0.52860 0.23976 0.01238 0.00715 0.52481 0.24114 2 
0 0.51628 0.26051 0.01242 0.00548 0.51988 0.25996 2 
0 0.51511 0.32109 0.01453 0.00905 0.51917 0.32261 2 
0 0.52311 0.34005 0.01293 0.00781 0.51850 0.33819 2 
0 0.51603 0.40311 0.01368 0.00853 0.51980 0.40404 2 
0 0.52563 0.42234 0.01335 0.00820 0.52068 0.42053 2 
0 0.53102 0.46226 0.01116 0.00658 0.52772 0.46312 2 
0 0.51746 0.48351 0.01250 0.00610 0.52123 0.48332 2 
0 0.51416 0.52616 0.01128 0.00734 0.51719 0.52749 2 
0 0.52340 0.54634 0.01200 0.00939 0.51955 0.54426 2 
0 0.52338 0.70026 0.01112 0.00591 0.52010 0.70111 2 
0 0.51668 0.71696 0.01112 0.00481 0.51782 0.71708 2 
0 0.51708 0.74869 0.01090 0.00643 0.51997 0.74929 2 
0 0.52393 0.76711 0.01255 0.00962 0.51980 0.76463 2 
0 0.48795 0.84868 0.01436 0.00991 0.49205 0.85077 2 
0 0.49502 0.85828 0.01166 0.00510 0.49125 0.85787 2 
0 0.51612 0.86650 0.01032 0.00734 0.51824 0.86716 2 
0 0.52502 0.88998 0.01255 0.01029 0.52102 0.88770 2 
0 0.52645 0.92176 0.01305 0.00820 0.52233 0.92319 2 
0 0.51767 0.94397 0.01006 0.00562 0.51854 0.94406 2 
0 0.51572 0.95395 0.00968 0.00691 0.51715 0.95464 2 
0 0.52397 0.97425 0.01086 0.00834 0.52056 0.97270 2 
0 0.71752 0.15514 0.01792 0.00818 0.71767 0.15647 2 
0 0.71812 0.17419 0.01653 0.00802 0.71823 0.17328 2 
0 0.72102 0.37934 0.01132 0.00712 0.71808 0.38037 2 
0 0.71721 0.39810 0.00935 0.00805 0.71924 0.39749 2 
0 0.71644 0.40687 0.00968 0.00527 0.71797 0.40710 2 
0 0.72078 0.42586 0.01084 0.00919 0.71808 0.42375 2 
0 0.71749 0.48908 0.01222 0.00674 0.71991 0.48959 2 
0 0.72179 0.50674 0.01166 0.00776 0.71819 0.50527 2 
0 0.71531 0.61482 0.01605 0.00877 0.71831 0.61587 2 
0 0.71711 0.63276 0.01572 0.00991 0.71808 0.63307 2 
0 0.71529 0.82992 0.01170 0.00658 0.71849 0.83080 2 
0 0.72305 0.83930 0.01225 0.00628 0.71946 0.84033 2 
0 0.72270 0.84969 0.01155 0.00792 0.71905 0.84750 2 
0 0.71628 0.85940 0.01181 0.00847 0.71842 0.85812 2 
0 0.71428 0.95087 0.01214 0.00780 0.71805 0.95220 2 
0 0.72095 0.97254 0.01468 0.01100 0.71581 0.96936 2 
0 0.81495 0.10186 0.01023 0.00598 0.81158 0.10262 2 
0 0.80373 0.12261 0.00841 0.00709 0.80637 0.12121 2 
0 0.80194 0.20831 0.01184 0.00845 0.80520 0.21064 2 
0 0.81307 0.22935 0.01224 0.00890 0.80877 0.22754 2 
0 0.81291 0.32783 0.01089 0.00738 0.80932 0.32958 2 
0 0.80360 0.34648 0.00983 0.00907 0.80673 0.34491 2 
0 0.80311 0.45932 0.00943 0.00824 0.80600 0.46130 2 
0 0.81212 0.47706 0.01187 0.00936 0.80775 0.47470 2 
0 0.80557 0.54142 0.01136 0.00940 0.80910 0.54389 2 
0 0.81181 0.56411 0.01103 0.01257 0.80830 0.56520 2 
0 0.80349 0.58100 0.01085 0.00804 0.80673 0.57888 2 
0 0.80247 0.66922 0.01071 0.00865 0.80604 0.67128 2 
0 0.81220 0.68824 0.01085 0.00944 0.80804 0.68575 2 
0 0.81261 0.79092 0.01060 0.00725 0.80921 0.79257 2 
0 0.80407 0.80834 0.00954 0.00853 0.80713 0.80646 2 
0 0.80296 0.88293 0.01060 0.00804 0.80655 0.88559 2 
0 0.81278 0.90241 0.01238 0.00841 0.80804 0.90014 2 
0 0.86367 0.02160 0.01016 0.00808 0.86686 0.02329 2 
0 0.87234 0.04000 0.00965 0.00771 0.86883 0.03816 2 
0 0.87207 0.06475 0.01063 0.00659 0.86872 0.06590 2 
0 0.85927 0.08667 0.01052 0.00626 0.86253 0.08548 2 
0 0.86305 0.24944 0.01147 0.00936 0.86686 0.25157 2 
0 0.87351 0.26873 0.01227 0.00919 0.86988 0.26653 2 
0 0.87442 0.28907 0.01031 0.00676 0.87094 0.29060 2 
0 0.86475 0.30856 0.00976 0.00907 0.86781 0.30621 2 
0 0.86269 0.49749 0.01205 0.00948 0.86639 0.49951 2 
0 0.87074 0.51451 0.00710 0.00602 0.86853 0.51377 2 
0 0.87096 0.52215 0.00688 0.00532 0.86970 0.52267 2 
0 0.86478 0.54115 0.00947 0.00977 0.86784 0.53853 2 
0 0.86447 0.58644 0.01147 0.00812 0.86784 0.58828 2 
0 0.87365 0.60437 0.01198 0.00936 0.86952 0.60155 2 
0 0.86238 0.70860 0.01093 0.00894 0.86387 0.70825 2 
0 0.87101 0.72723 0.01020 0.00878 0.86773 0.72461 2 
0 0.87270 0.75301 0.00892 0.00659 0.86988 0.75387 2 
0 0.86406 0.77141 0.01063 0.00812 0.86737 0.76982 2 
0 0.86271 0.92136 0.01085 0.00800 0.86639 0.92376 2 
0 0.87276 0.94059 0.01195 0.01043 0.86832 0.93773 2 
0 0.87454 0.99221 0.01056 0.00717 0.87068 0.99394 2 
0 0.95354 0.01483 0.00810 0.00529 0.95134 0.01575 2 
0 0.94782 0.03258 0.00818 0.00658 0.95011 0.03098 2 
0 0.94632 0.06952 0.00883 0.00757 0.94870 0.07094 2 
0 0.95274 0.08463 0.00878 0.00849 0.95003 0.08207 2 
0 0.95490 0.24103 0.00892 0.00575 0.95204 0.24231 2 
0 0.94791 0.25741 0.00919 0.00806 0.95055 0.25603 2 
0 0.94612 0.29820 0.01022 0.00794 0.94895 0.30020 2 
0 0.95414 0.31838 0.01142 0.00904 0.95066 0.31558 2 
0 0.95324 0.47321 0.00826 0.00689 0.95077 0.47428 2 
0 0.94740 0.48977 0.00946 0.00889 0.95047 0.48748 2 
0 0.94600 0.54593 0.00954 0.00917 0.94892 0.54768 2 
0 0.95414 0.56417 0.01038 0.00941 0.95074 0.56202 2 
0 0.94685 0.63383 0.01104 0.00889 0.95071 0.63572 2 
0 0.95514 0.65106 0.01158 0.01000 0.95109 0.64919 2 
0 0.95380 0.70523 0.00987 0.00772 0.95055 0.70672 2 
0 0.94700 0.72147 0.01030 0.00748 0.95020 0.71948 2 
0 0.94552 0.75688 0.00989 0.00729 0.94808 0.75858 2 
0 0.95346 0.77595 0.01000 0.01000 0.95022 0.77304 2 
0 0.95141 0.94478 0.01090 0.00800 0.94778 0.94660 2 
0 0.94537 0.96215 0.00606 0.00569 0.94644 0.96136 2 
0 0.94598 0.97075 0.00881 0.00701 0.94851 0.97228 2 
0 0.95213 0.98929 0.00538 0.00658 0.95071 0.98840 2 
0 0.95271 0.99695 0.00639 0.00486 0.95194 0.99772 2 
