0 0.19419 0.02310 0.02480 0.00656 0.19630 0.02400 2 
0 0.20521 0.04347 0.01436 0.00726 0.20211 0.04279 2 
0 0.40503 0.00469 0.02126 0.00628 0.39910 0.00528 2 
0 0.39640 0.02169 0.01775 0.00644 0.39890 0.02171 2 
0 0.52274 0.01400 0.01961 0.00822 0.51951 0.01424 2 
0 0.81074 0.01312 0.00778 0.00575 0.80884 0.01328 2 
0 0.86951 0.01049 0.00574 0.00608 0.86844 0.00945 2 
0 0.86696 0.02169 0.00574 0.00689 0.86737 0.02317 2 
0 0.94850 0.01092 0.00525 0.00644 0.94932 0.00925 2 
0 0.95243 0.02165 0.00859 0.00908 0.95064 0.02290 2 
0 0.86476 0.03707 0.01050 0.00518 0.86745 0.03698 2 
0 0.87105 0.05159 0.00829 0.00627 0.86905 0.05110 2 
0 0.20595 0.08617 0.01773 0.00586 0.20160 0.08659 2 
0 0.19521 0.10535 0.02185 0.00791 0.20064 0.10537 2 
0 0.39285 0.11832 0.01293 0.00971 0.39642 0.11597 2 
0 0.40395 0.13375 0.02157 0.00959 0.39817 0.13416 2 
0 0.01242 0.13399 0.01102 0.00476 0.00928 0.13358 2 
0 0.94625 0.08553 0.01126 0.00551 0.95030 0.08619 2 
0 0.95562 0.10171 0.01241 0.00829 0.95150 0.10210 2 
0 0.81009 0.04812 0.00741 0.00667 0.80808 0.04797 2 
0 0.80522 0.06075 0.00836 0.00755 0.80781 0.05877 2 
0 0.71305 0.08131 0.02205 0.00751 0.71728 0.08208 2 
0 0.72313 0.09890 0.02026 0.01149 0.71812 0.09842 2 
0 0.71461 0.11388 0.01934 0.00982 0.71801 0.11374 2 
0 0.51456 0.17485 0.01551 0.00614 0.51808 0.17503 2 
0 0.52248 0.18319 0.01901 0.00501 0.51866 0.18344 2 
0 0.52081 0.19154 0.01668 0.00710 0.51856 0.19106 2 
0 0.51595 0.19981 0.01761 0.00706 0.51870 0.19980 2 
0 0.40770 0.23908 0.02464 0.00656 0.40067 0.23978 2 
0 0.40065 0.25614 0.01017 0.00795 0.40081 0.25583 2 
0 0.71275 0.25485 0.02150 0.00774 0.71729 0.25613 2 
0 0.72033 0.27566 0.01559 0.00879 0.71762 0.27545 2 
0 0.72150 0.31493 0.01488 0.00547 0.71846 0.31517 2 
0 0.71455 0.33247 0.01912 0.00787 0.71855 0.33249 2 
0 0.19556 0.30113 0.02519 0.00613 0.20004 0.30127 2 
0 0.20645 0.32013 0.02980 0.01189 0.19966 0.31741 2 
0 0.19547 0.33690 0.02125 0.00687 0.19966 0.33692 2 
0 0.20367 0.53246 0.04103 0.00766 0.19402 0.53245 2 
0 0.20424 0.55220 0.04124 0.01320 0.19879 0.55386 2 
0 0.20385 0.66059 0.02545 0.00659 0.19985 0.66087 2 
0 0.19526 0.67770 0.02262 0.00918 0.19854 0.67891 2 
0 0.19539 0.76456 0.02850 0.00748 0.20304 0.76583 2 
0 0.20482 0.78345 0.02737 0.01508 0.20203 0.78629 2 
0 0.19488 0.79979 0.02289 0.00698 0.19904 0.79990 2 
0 0.39637 0.39222 0.01931 0.00546 0.40261 0.39223 2 
0 0.52263 0.39787 0.01820 0.00459 0.51670 0.39791 2 
0 0.51621 0.41528 0.01908 0.00805 0.51601 0.41564 2 
0 0.51498 0.45087 0.01683 0.00630 0.51812 0.45104 2 
0 0.52144 0.46665 0.01750 0.00682 0.52103 0.46625 2 
0 0.40453 0.40930 0.01904 0.00794 0.40242 0.40944 2 
0 0.40537 0.45496 0.02691 0.00680 0.40223 0.45479 2 
0 0.39721 0.47122 0.01763 0.00539 0.40293 0.47118 2 
0 0.52334 0.52317 0.02045 0.00723 0.51709 0.52345 2 
0 0.51582 0.54087 0.01921 0.00815 0.51741 0.54126 2 
0 0.40717 0.57958 0.02473 0.00682 0.40249 0.57958 2 
0 0.39976 0.59735 0.01371 0.00935 0.40064 0.59729 2 
0 0.39921 0.62281 0.01189 0.00762 0.39802 0.62331 2 
0 0.51895 0.64340 0.01153 0.00655 0.51682 0.64417 2 
0 0.51903 0.66107 0.01257 0.00829 0.51947 0.66079 2 
0 0.51838 0.68243 0.01148 0.00756 0.52036 0.68318 2 
0 0.51893 0.69822 0.01188 0.00801 0.51967 0.69695 2 
0 0.40036 0.64124 0.01396 0.01120 0.39803 0.64136 2 
0 0.40362 0.69820 0.01970 0.01030 0.39811 0.70048 2 
0 0.39949 0.71816 0.01351 0.01065 0.39822 0.71690 2 
0 0.39868 0.85823 0.01353 0.00723 0.39828 0.85881 2 
0 0.40003 0.87686 0.01482 0.01028 0.40156 0.87693 2 
0 0.39976 0.94189 0.01254 0.00670 0.39733 0.94203 2 
0 0.39385 0.95880 0.01277 0.00855 0.39743 0.95904 2 
0 0.52384 0.88378 0.01136 0.00835 0.52162 0.88460 2 
0 0.51866 0.90312 0.01368 0.00774 0.52080 0.90303 2 
0 0.51717 0.91632 0.01522 0.00830 0.51681 0.91816 2 
0 0.52119 0.93918 0.01558 0.01196 0.52128 0.93674 2 
0 0.52302 0.99076 0.01933 0.00619 0.51871 0.99111 2 
0 0.80629 0.40802 0.00458 0.00797 0.80663 0.40519 2 
0 0.71828 0.43768 0.01007 0.00760 0.71717 0.43802 2 
0 0.71440 0.45925 0.01930 0.01359 0.71722 0.45684 2 
0 0.71339 0.53485 0.02125 0.01113 0.71537 0.53674 2 
0 0.71905 0.55767 0.02394 0.01375 0.71568 0.55695 2 
0 0.71372 0.57755 0.02112 0.01334 0.71908 0.57550 2 
0 0.71394 0.76857 0.01635 0.00605 0.71905 0.76857 2 
0 0.72042 0.78441 0.01447 0.00723 0.71980 0.78412 2 
0 0.72197 0.80105 0.01680 0.00498 0.71773 0.80117 2 
0 0.71297 0.81944 0.01938 0.00881 0.71812 0.81954 2 
0 0.72116 0.90268 0.01618 0.00547 0.71913 0.90306 2 
0 0.71251 0.92045 0.01932 0.00909 0.71705 0.92029 2 
0 0.80447 0.13805 0.00893 0.00842 0.80617 0.13628 2 
0 0.81009 0.15077 0.00959 0.00898 0.80793 0.15171 2 
0 0.81029 0.26740 0.00818 0.01029 0.80811 0.26598 2 
0 0.80529 0.27848 0.00810 0.00870 0.80730 0.27900 2 
0 0.80534 0.31496 0.00653 0.00814 0.80667 0.31429 2 
0 0.81004 0.32688 0.00882 0.00947 0.80743 0.32695 2 
0 0.81221 0.38679 0.01483 0.00725 0.80761 0.38664 2 
0 0.81024 0.42194 0.01056 0.01017 0.80783 0.42335 2 
0 0.81049 0.50833 0.00792 0.00915 0.80898 0.50616 2 
0 0.80538 0.52050 0.00758 0.00795 0.80715 0.52071 2 
0 0.80502 0.59369 0.00685 0.00788 0.80678 0.59311 2 
0 0.81018 0.60482 0.00887 0.01055 0.80781 0.60564 2 
0 0.81035 0.75238 0.00854 0.00718 0.80894 0.75095 2 
0 0.80541 0.76513 0.00741 0.00839 0.80633 0.76670 2 
0 0.80493 0.82386 0.00657 0.00890 0.80659 0.82217 2 
0 0.80931 0.83540 0.00713 0.00858 0.80720 0.83492 2 
0 0.80954 0.85520 0.00702 0.00788 0.80795 0.85492 2 
0 0.80586 0.86798 0.00730 0.00750 0.80779 0.86631 2 
0 0.81016 0.97254 0.00725 0.00712 0.80847 0.97103 2 
0 0.80566 0.98551 0.00680 0.00686 0.80776 0.98392 2 
0 0.86486 0.17795 0.00758 0.00845 0.86617 0.17517 2 
0 0.87042 0.18987 0.00837 0.01030 0.86769 0.18923 2 
0 0.87110 0.22654 0.00792 0.00725 0.86900 0.22552 2 
0 0.86534 0.24085 0.00708 0.00534 0.86699 0.24094 2 
0 0.95338 0.17758 0.00848 0.00802 0.95139 0.17659 2 
0 0.94841 0.18955 0.00769 0.00664 0.94941 0.19062 2 
0 0.94777 0.22820 0.00659 0.00836 0.94918 0.22593 2 
0 0.95298 0.23879 0.00941 0.01102 0.95058 0.23910 2 
0 0.95375 0.29719 0.01195 0.00597 0.95026 0.29860 2 
0 0.94710 0.31310 0.01025 0.00750 0.94987 0.31143 2 
0 0.87212 0.34817 0.01001 0.00455 0.86858 0.34917 2 
0 0.86585 0.35434 0.00558 0.00615 0.86689 0.35264 2 
0 0.86636 0.36517 0.01479 0.01083 0.86645 0.36439 2 
0 0.94790 0.40195 0.00669 0.00731 0.94913 0.40003 2 
0 0.95075 0.41155 0.00477 0.00588 0.95006 0.41231 2 
0 0.95146 0.41930 0.00435 0.00475 0.95060 0.41823 2 
0 0.94925 0.43023 0.00577 0.00788 0.95052 0.43147 2 
0 0.86575 0.45130 0.00566 0.00877 0.86695 0.44952 2 
0 0.86877 0.46165 0.00527 0.00693 0.86826 0.46396 2 
0 0.86856 0.46996 0.00381 0.00534 0.86826 0.46864 2 
0 0.86518 0.48362 0.00622 0.00571 0.86660 0.48292 2 
0 0.94783 0.49913 0.00700 0.00681 0.94914 0.49765 2 
0 0.95215 0.51175 0.00754 0.00940 0.95062 0.51367 2 
0 0.86594 0.63362 0.00616 0.00760 0.86693 0.63176 2 
0 0.86985 0.64426 0.00908 0.00865 0.86842 0.64560 2 
0 0.95294 0.66388 0.00713 0.00579 0.95145 0.66280 2 
0 0.95040 0.67418 0.00403 0.00724 0.95028 0.67668 2 
0 0.94959 0.68348 0.00310 0.00557 0.94977 0.68188 2 
0 0.95193 0.69222 0.00797 0.00891 0.95018 0.69255 2 
0 0.87042 0.71333 0.00649 0.00652 0.86912 0.71208 2 
0 0.86532 0.72780 0.00768 0.00533 0.86692 0.72718 2 
0 0.95203 0.77023 0.00612 0.00779 0.95150 0.76820 2 
0 0.94871 0.78060 0.00696 0.00755 0.94985 0.78275 2 
0 0.87111 0.81609 0.00894 0.00903 0.86900 0.81411 2 
0 0.86483 0.83064 0.00850 0.00666 0.86522 0.83219 2 
0 0.86503 0.86252 0.00741 0.00696 0.86730 0.86408 2 
0 0.87083 0.87374 0.00985 0.00878 0.86770 0.87231 2 
0 0.86535 0.94923 0.00800 0.00550 0.86683 0.94827 2 
0 0.87119 0.93180 0.00817 0.00670 0.86832 0.93350 2 
0 0.95253 0.88577 0.00715 0.00822 0.95083 0.88525 2 
0 0.94907 0.89739 0.00604 0.00731 0.95064 0.89849 2 
0 0.94804 0.91050 0.00635 0.00714 0.94957 0.90957 2 
0 0.95226 0.92000 0.00822 0.00943 0.95018 0.91983 2 
