0 0.19356 0.01984 0.02635 0.00802 0.19460 0.02063 2 
0 0.20335 0.03842 0.02608 0.01333 0.20150 0.03840 2 
0 0.19530 0.05821 0.02233 0.00817 0.19897 0.05790 2 
0 0.52300 0.00738 0.01942 0.00567 0.51842 0.00776 2 
0 0.51791 0.02778 0.02182 0.00714 0.51813 0.02805 2 
0 0.40623 0.06740 0.02509 0.00671 0.39948 0.06775 2 
0 0.39676 0.08368 0.01650 0.00748 0.40023 0.08279 2 
0 0.40037 0.10961 0.01732 0.00826 0.40098 0.11049 2 
0 0.40361 0.12751 0.02420 0.00965 0.40105 0.12778 2 
0 0.20421 0.15762 0.02274 0.00775 0.19950 0.15816 2 
0 0.18420 0.23638 0.02526 0.01423 0.18497 0.23713 2 
0 0.20719 0.26436 0.02287 0.02304 0.20677 0.26518 2 
0 0.19593 0.28476 0.02359 0.01179 0.19886 0.28279 2 
0 0.19438 0.48764 0.02647 0.00765 0.19661 0.48893 2 
0 0.20213 0.50600 0.02106 0.01216 0.20096 0.50745 2 
0 0.19590 0.51948 0.02127 0.00757 0.19649 0.52033 2 
0 0.18726 0.73748 0.01304 0.01081 0.19024 0.73920 2 
0 0.20605 0.73389 0.01824 0.01429 0.20128 0.73729 2 
0 0.18981 0.75882 0.01311 0.01129 0.19283 0.75737 2 
0 0.20453 0.76016 0.01455 0.01439 0.20038 0.75697 2 
0 0.19868 0.95144 0.01517 0.00619 0.19986 0.95170 2 
0 0.00741 0.42443 0.00655 0.00686 0.00710 0.42471 2 
0 0.00522 0.67601 0.00662 0.00539 0.00506 0.67611 2 
0 0.00584 0.92118 0.00785 0.00917 0.00550 0.92198 2 
0 0.19895 0.96952 0.01389 0.00972 0.20187 0.97054 2 
0 0.19450 0.98602 0.02280 0.00636 0.19864 0.98626 2 
0 0.71705 0.01657 0.01208 0.00875 0.71674 0.01701 2 
0 0.72210 0.03792 0.02092 0.01493 0.72078 0.03896 2 
0 0.71900 0.05692 0.01232 0.01236 0.71829 0.05659 2 
0 0.51766 0.12665 0.00912 0.00676 0.51760 0.12677 2 
0 0.52026 0.14552 0.01079 0.00896 0.51923 0.14543 2 
0 0.51956 0.16923 0.01042 0.00881 0.51819 0.16890 2 
0 0.51840 0.18792 0.01107 0.00844 0.51861 0.18746 2 
0 0.39988 0.18460 0.01184 0.00710 0.39992 0.18470 2 
0 0.40105 0.20065 0.01112 0.00768 0.40084 0.20044 2 
0 0.40001 0.33364 0.01338 0.00757 0.39881 0.33375 2 
0 0.39914 0.35101 0.01391 0.00992 0.39881 0.35051 2 
0 0.51820 0.36387 0.01173 0.00742 0.51677 0.36430 2 
0 0.51970 0.38365 0.01113 0.00722 0.51736 0.38417 2 
0 0.51969 0.39136 0.01100 0.00690 0.51973 0.39149 2 
0 0.51907 0.41032 0.01154 0.00897 0.51869 0.40976 2 
0 0.39991 0.42313 0.01294 0.00732 0.39945 0.42324 2 
0 0.40045 0.43926 0.01089 0.00849 0.39955 0.43874 2 
0 0.39849 0.57990 0.01548 0.00866 0.39976 0.58065 2 
0 0.52049 0.59903 0.01407 0.00562 0.52069 0.59869 2 
0 0.40112 0.59820 0.01314 0.00998 0.40006 0.59720 2 
0 0.40025 0.65488 0.01348 0.00773 0.40014 0.65612 2 
0 0.40129 0.67317 0.01348 0.00910 0.40070 0.67300 2 
0 0.51896 0.61629 0.01236 0.00959 0.51915 0.61656 2 
0 0.51788 0.63728 0.01469 0.01007 0.51919 0.63821 2 
0 0.52004 0.65415 0.00968 0.00978 0.52028 0.65327 2 
0 0.39839 0.83023 0.01466 0.00753 0.39819 0.83108 2 
0 0.40026 0.84901 0.01247 0.00899 0.39926 0.84875 2 
0 0.39658 0.86897 0.01027 0.00651 0.39707 0.86914 2 
0 0.40372 0.88644 0.01344 0.00811 0.40187 0.88589 2 
0 0.52313 0.81162 0.02266 0.00746 0.52112 0.81255 2 
0 0.51586 0.82897 0.01754 0.00886 0.52083 0.82918 2 
0 0.51395 0.88912 0.01960 0.00686 0.51938 0.88987 2 
0 0.52375 0.90224 0.01001 0.01166 0.52184 0.90464 2 
0 0.71475 0.25260 0.01883 0.00651 0.71882 0.25223 2 
0 0.72253 0.27476 0.01933 0.01335 0.72392 0.27427 2 
0 0.71336 0.29654 0.01945 0.01335 0.71795 0.29492 2 
0 0.71319 0.48067 0.01758 0.00567 0.71939 0.48052 2 
0 0.72057 0.49704 0.01448 0.00716 0.71829 0.49717 2 
0 0.72251 0.51510 0.01999 0.00722 0.71766 0.51592 2 
0 0.71543 0.53522 0.01621 0.01397 0.71656 0.53206 2 
0 0.72273 0.72439 0.05922 0.01315 0.71943 0.72655 2 
0 0.72507 0.74614 0.06390 0.01933 0.71987 0.74388 2 
0 0.72165 0.94341 0.01681 0.00630 0.71911 0.94344 2 
0 0.71428 0.96160 0.01853 0.00898 0.71877 0.96179 2 
0 0.71650 0.97507 0.01321 0.01004 0.71847 0.97596 2 
0 0.72170 0.98988 0.01010 0.01132 0.71956 0.99191 2 
0 0.80551 0.07391 0.00621 0.00827 0.80659 0.07177 2 
0 0.80963 0.08539 0.00840 0.00782 0.80765 0.08699 2 
0 0.86456 0.11253 0.00847 0.00792 0.86631 0.11080 2 
0 0.87061 0.12484 0.00908 0.00821 0.86846 0.12643 2 
0 0.95297 0.14040 0.00774 0.00672 0.95184 0.13858 2 
0 0.94963 0.15053 0.00574 0.00807 0.94990 0.15272 2 
0 0.94848 0.16256 0.00590 0.00756 0.94919 0.16028 2 
0 0.95385 0.17397 0.01246 0.01294 0.95248 0.17808 2 
0 0.87122 0.18904 0.00837 0.00686 0.86917 0.18811 2 
0 0.86605 0.20113 0.00772 0.00775 0.86733 0.20258 2 
0 0.81015 0.22756 0.00729 0.00632 0.80916 0.22576 2 
0 0.80588 0.23988 0.00650 0.00725 0.80717 0.24072 2 
0 0.80586 0.31100 0.00583 0.00841 0.80688 0.30914 2 
0 0.80921 0.32254 0.00750 0.00849 0.80779 0.32328 2 
0 0.86563 0.35046 0.00576 0.00729 0.86674 0.34843 2 
0 0.87008 0.36229 0.00938 0.00958 0.86838 0.36452 2 
0 0.95244 0.37865 0.00622 0.00701 0.95164 0.37653 2 
0 0.94942 0.38961 0.00563 0.00797 0.95015 0.39138 2 
0 0.94825 0.40055 0.00552 0.00732 0.94882 0.39830 2 
0 0.95259 0.41211 0.00908 0.00991 0.95059 0.41368 2 
0 0.87018 0.42918 0.00707 0.00761 0.86917 0.42719 2 
0 0.86634 0.44034 0.00551 0.00588 0.86733 0.44175 2 
0 0.80980 0.46815 0.00735 0.00826 0.80834 0.46665 2 
0 0.80490 0.47904 0.00816 0.00924 0.80783 0.47890 2 
0 0.80501 0.53679 0.00704 0.00797 0.80649 0.53444 2 
0 0.80945 0.54759 0.00776 0.00866 0.80778 0.54917 2 
0 0.81042 0.67920 0.00776 0.00705 0.80831 0.67896 2 
0 0.80557 0.69084 0.00725 0.00964 0.80736 0.69210 2 
0 0.80509 0.78049 0.00709 0.00843 0.80612 0.77815 2 
0 0.81017 0.79216 0.00919 0.00993 0.80794 0.79378 2 
0 0.81009 0.89388 0.00944 0.00837 0.80877 0.89255 2 
0 0.80570 0.90636 0.00832 0.00953 0.80740 0.90709 2 
0 0.86541 0.57527 0.00660 0.00718 0.86629 0.57328 2 
0 0.87000 0.58754 0.00801 0.00734 0.86875 0.58928 2 
0 0.87047 0.64115 0.00780 0.00853 0.86940 0.63864 2 
0 0.86594 0.65280 0.00722 0.00739 0.86705 0.65382 2 
0 0.86483 0.81998 0.00827 0.00890 0.86592 0.81680 2 
0 0.87073 0.83071 0.00954 0.00894 0.86919 0.83305 2 
0 0.87185 0.85233 0.00983 0.00722 0.86919 0.85184 2 
0 0.86362 0.86901 0.00975 0.00603 0.86668 0.86858 2 
0 0.95330 0.59164 0.00904 0.00825 0.95150 0.58988 2 
0 0.94890 0.60162 0.00715 0.00820 0.95014 0.60330 2 
0 0.94727 0.62390 0.00846 0.00908 0.94951 0.62239 2 
0 0.95240 0.63463 0.00802 0.00897 0.95058 0.63564 2 
0 0.95303 0.80674 0.00734 0.00699 0.95208 0.80473 2 
0 0.94885 0.81777 0.00705 0.00913 0.95004 0.81936 2 
0 0.94795 0.86727 0.00671 0.00693 0.94912 0.86546 2 
0 0.95271 0.87962 0.00865 0.00864 0.95072 0.88097 2 
