0 0.39361 0.01672 0.01167 0.01127 0.39625 0.01832 2 
0 0.39931 0.03712 0.01081 0.00880 0.40093 0.03710 2 
0 0.39798 0.05504 0.01305 0.00609 0.39699 0.05532 2 
0 0.40187 0.07270 0.01187 0.00741 0.40453 0.07209 2 
0 0.51663 0.01774 0.01513 0.00885 0.51981 0.01555 2 
0 0.51677 0.07716 0.01400 0.00910 0.51952 0.07907 2 
0 0.52396 0.09412 0.01177 0.00711 0.52088 0.09401 2 
0 0.86459 0.00580 0.00768 0.00645 0.86630 0.00411 2 
0 0.87013 0.01948 0.00787 0.00749 0.86870 0.02094 2 
0 0.87075 0.05828 0.00636 0.00619 0.86924 0.05714 2 
0 0.86283 0.07616 0.00731 0.00675 0.86436 0.07658 2 
0 0.95316 0.00900 0.00616 0.00757 0.95223 0.00664 2 
0 0.94886 0.02084 0.00586 0.00798 0.95034 0.02106 2 
0 0.94750 0.05550 0.00705 0.00772 0.94863 0.05347 2 
0 0.95327 0.06855 0.00863 0.00749 0.95155 0.06969 2 
0 0.19528 0.13598 0.01287 0.00711 0.19883 0.13680 2 
0 0.21755 0.13762 0.02990 0.01098 0.20741 0.13711 2 
0 0.19234 0.15877 0.01857 0.00865 0.19859 0.15715 2 
0 0.21348 0.15674 0.02047 0.00942 0.20659 0.15688 2 
0 0.19117 0.36787 0.04052 0.01377 0.19756 0.37229 2 
0 0.18725 0.38816 0.01276 0.00910 0.18915 0.38943 2 
0 0.20529 0.38765 0.01720 0.01086 0.20085 0.38568 2 
0 0.20797 0.59046 0.01946 0.01681 0.20379 0.59540 2 
0 0.19980 0.61290 0.01361 0.00710 0.19924 0.61266 2 
0 0.19880 0.62397 0.01474 0.00582 0.19856 0.62454 2 
0 0.20800 0.64588 0.01715 0.01593 0.20447 0.64276 2 
0 0.19551 0.82928 0.04016 0.01165 0.20799 0.82923 2 
0 0.19020 0.85077 0.01125 0.00679 0.19254 0.85163 2 
0 0.20460 0.85035 0.01539 0.00758 0.20054 0.84927 2 
0 0.39646 0.22669 0.01789 0.01156 0.40169 0.22894 2 
0 0.40314 0.24689 0.02208 0.01103 0.40191 0.24494 2 
0 0.40668 0.28582 0.01966 0.00996 0.39971 0.28781 2 
0 0.39726 0.30619 0.01678 0.01011 0.39926 0.30356 2 
0 0.39822 0.46270 0.01430 0.00832 0.39595 0.46339 2 
0 0.40529 0.48186 0.02230 0.00794 0.39865 0.48175 2 
0 0.40595 0.51455 0.02319 0.00585 0.39944 0.51431 2 
0 0.39623 0.53044 0.01809 0.00672 0.39953 0.53031 2 
0 0.39268 0.71634 0.01344 0.00654 0.39672 0.71630 2 
0 0.39894 0.73286 0.00886 0.00651 0.39732 0.73275 2 
0 0.40119 0.74452 0.01107 0.00595 0.39836 0.74513 2 
0 0.39523 0.76304 0.01443 0.00665 0.39860 0.76318 2 
0 0.39197 0.92234 0.01510 0.00620 0.39568 0.92192 2 
0 0.40451 0.94183 0.02288 0.00731 0.39703 0.94158 2 
0 0.40191 0.98131 0.01787 0.00710 0.39716 0.98269 2 
0 0.52703 0.22872 0.01444 0.01019 0.52278 0.23139 2 
0 0.51601 0.25058 0.01664 0.00940 0.52036 0.24828 2 
0 0.51591 0.28447 0.01693 0.00944 0.52112 0.28535 2 
0 0.52144 0.30403 0.01506 0.01079 0.52014 0.30220 2 
0 0.52187 0.45852 0.01851 0.00508 0.51729 0.45847 2 
0 0.51957 0.47599 0.01555 0.00815 0.51878 0.47465 2 
0 0.51474 0.52272 0.01911 0.00612 0.51742 0.52243 2 
0 0.52174 0.53756 0.01609 0.00683 0.51995 0.53787 2 
0 0.52158 0.68852 0.01549 0.00415 0.52128 0.68817 2 
0 0.51859 0.70655 0.01229 0.00791 0.51927 0.70543 2 
0 0.52044 0.77564 0.00843 0.00624 0.52057 0.77572 2 
0 0.52456 0.79284 0.00883 0.01086 0.52294 0.79134 2 
0 0.52630 0.92471 0.01047 0.00895 0.52465 0.92513 2 
0 0.51656 0.94600 0.01394 0.00864 0.51867 0.94463 2 
0 0.52075 0.98345 0.01373 0.00763 0.52038 0.98400 2 
0 0.72012 0.14783 0.01377 0.00417 0.71826 0.14767 2 
0 0.71361 0.16513 0.01937 0.01936 0.71458 0.17019 2 
0 0.71964 0.17958 0.01242 0.00611 0.71610 0.17936 2 
0 0.71756 0.37231 0.02261 0.01122 0.71451 0.37239 2 
0 0.71734 0.39139 0.02295 0.01239 0.72025 0.38983 2 
0 0.71696 0.60692 0.02941 0.01072 0.71490 0.60775 2 
0 0.71372 0.62499 0.02278 0.01425 0.71524 0.62344 2 
0 0.72026 0.84381 0.01495 0.00450 0.71964 0.84364 2 
0 0.71303 0.86213 0.01910 0.01619 0.71215 0.86600 2 
0 0.72010 0.87650 0.01291 0.00661 0.71804 0.87606 2 
0 0.81003 0.09743 0.00660 0.00603 0.80881 0.09689 2 
0 0.80545 0.11043 0.00692 0.00858 0.80700 0.11186 2 
0 0.80521 0.21847 0.00610 0.00607 0.80677 0.21775 2 
0 0.80993 0.23131 0.00754 0.00873 0.80925 0.23394 2 
0 0.81065 0.32210 0.00736 0.00635 0.80896 0.32039 2 
0 0.80567 0.33464 0.00652 0.00873 0.80547 0.33769 2 
0 0.80428 0.42666 0.00737 0.00944 0.80606 0.42631 2 
0 0.81087 0.44109 0.00912 0.00885 0.80766 0.43981 2 
0 0.81081 0.55407 0.00805 0.00760 0.80800 0.55467 2 
0 0.80484 0.56853 0.00829 0.00844 0.80474 0.57117 2 
0 0.80417 0.66387 0.00829 0.00782 0.80633 0.66347 2 
0 0.81032 0.67758 0.00888 0.00796 0.80866 0.67842 2 
0 0.81107 0.79316 0.00825 0.00693 0.80866 0.79258 2 
0 0.80537 0.80649 0.00730 0.00916 0.80628 0.80869 2 
0 0.80468 0.91407 0.00703 0.00644 0.80488 0.91256 2 
0 0.81071 0.92793 0.00943 0.00787 0.80776 0.92781 2 
0 0.86403 0.25782 0.00879 0.00766 0.86676 0.25731 2 
0 0.87034 0.27035 0.00763 0.00631 0.86863 0.27067 2 
0 0.87299 0.28079 0.00989 0.00614 0.87005 0.28108 2 
0 0.86122 0.30138 0.00756 0.00514 0.86227 0.30139 2 
0 0.86439 0.46468 0.00790 0.00753 0.86588 0.46464 2 
0 0.87062 0.47886 0.00835 0.00794 0.86853 0.47975 2 
0 0.87068 0.51581 0.00660 0.00728 0.86915 0.51439 2 
0 0.86613 0.52833 0.00619 0.00872 0.86672 0.53028 2 
0 0.86494 0.70302 0.00698 0.00732 0.86608 0.70114 2 
0 0.87099 0.71552 0.00865 0.00757 0.86838 0.71583 2 
0 0.87073 0.75289 0.00582 0.00717 0.86895 0.75364 2 
0 0.86335 0.77159 0.00817 0.00706 0.86487 0.77108 2 
0 0.86388 0.95278 0.00833 0.00699 0.86622 0.95256 2 
0 0.87258 0.96492 0.01100 0.01314 0.86902 0.96806 2 
0 0.86420 0.98138 0.00807 0.00528 0.86551 0.98025 2 
0 0.95318 0.23299 0.00669 0.00596 0.95107 0.23304 2 
0 0.94878 0.24406 0.00647 0.00903 0.95038 0.24564 2 
0 0.94760 0.30556 0.00656 0.00835 0.94864 0.30313 2 
0 0.95254 0.31739 0.00716 0.00753 0.95088 0.31844 2 
0 0.95334 0.46460 0.00707 0.00625 0.95123 0.46433 2 
0 0.94894 0.47672 0.00628 0.00907 0.95044 0.47772 2 
0 0.94749 0.51469 0.00615 0.00625 0.94902 0.51306 2 
0 0.95235 0.52831 0.00748 0.00978 0.95255 0.53014 2 
0 0.95356 0.70435 0.00827 0.00832 0.95120 0.70333 2 
0 0.94904 0.71642 0.00678 0.00860 0.95039 0.71761 2 
0 0.94722 0.75123 0.00751 0.00746 0.94961 0.75081 2 
0 0.95241 0.76316 0.00798 0.00789 0.95103 0.76478 2 
0 0.95437 0.91179 0.01006 0.00675 0.95098 0.91356 2 
0 0.94765 0.92647 0.00811 0.00875 0.95029 0.92686 2 
