0 0.01092 0.27039 0.01494 0.00917 0.00608 0.26869 2 
0 0.01205 0.44818 0.01449 0.00866 0.00743 0.44691 2 
0 0.01370 0.61791 0.01479 0.00832 0.01231 0.61740 2 
0 0.01287 0.72558 0.01644 0.00960 0.00796 0.72384 2 
0 0.19247 0.10210 0.01981 0.00722 0.19701 0.10317 2 
0 0.20350 0.11091 0.01291 0.00740 0.20214 0.11197 2 
0 0.19547 0.12892 0.01197 0.00688 0.19803 0.12919 2 
0 0.21095 0.13530 0.01763 0.01523 0.20540 0.13265 2 
0 0.20434 0.30012 0.01274 0.00699 0.20257 0.30021 2 
0 0.19827 0.31798 0.01462 0.00687 0.19669 0.31813 2 
0 0.19877 0.33252 0.01726 0.00624 0.19688 0.33286 2 
0 0.20905 0.35337 0.01456 0.01236 0.20507 0.35042 2 
0 0.19593 0.50835 0.02337 0.00888 0.20146 0.51048 2 
0 0.20823 0.53116 0.01775 0.01273 0.20424 0.52919 2 
0 0.20923 0.56590 0.02209 0.01114 0.20461 0.56845 2 
0 0.19399 0.58724 0.01670 0.00902 0.19697 0.58816 2 
0 0.19487 0.78580 0.02525 0.00822 0.19428 0.78732 2 
0 0.20501 0.80224 0.01447 0.01870 0.20211 0.80388 2 
0 0.19725 0.81925 0.01910 0.00723 0.19799 0.81934 2 
0 0.40320 0.03224 0.01848 0.00586 0.40079 0.03231 2 
0 0.39937 0.04876 0.01248 0.00906 0.39902 0.04676 2 
0 0.39446 0.20447 0.01289 0.00979 0.39725 0.20643 2 
0 0.40435 0.22302 0.02455 0.01186 0.40214 0.22256 2 
0 0.39572 0.23698 0.01401 0.00913 0.40014 0.23561 2 
0 0.39352 0.42130 0.01372 0.00899 0.39643 0.42260 2 
0 0.40146 0.44168 0.01913 0.01033 0.40261 0.44098 2 
0 0.40408 0.48648 0.01778 0.00879 0.39943 0.48854 2 
0 0.39278 0.50776 0.01495 0.01139 0.39790 0.50600 2 
0 0.39275 0.59949 0.01395 0.01112 0.39737 0.60165 2 
0 0.40444 0.62080 0.02166 0.01139 0.40291 0.61791 2 
0 0.40146 0.71956 0.02090 0.00799 0.40220 0.72036 2 
0 0.40076 0.73661 0.01525 0.00759 0.40273 0.73721 2 
0 0.39399 0.87617 0.01313 0.00839 0.39714 0.87743 2 
0 0.40455 0.89678 0.02013 0.01099 0.40326 0.89528 2 
0 0.40329 0.93159 0.02090 0.00826 0.40020 0.93365 2 
0 0.39937 0.95220 0.01766 0.00806 0.40043 0.95097 2 
0 0.51558 0.02861 0.01927 0.01029 0.51592 0.03106 2 
0 0.52055 0.04736 0.01333 0.00680 0.51815 0.04750 2 
0 0.52023 0.16600 0.01346 0.00568 0.51683 0.16596 2 
0 0.51761 0.18223 0.01323 0.00614 0.51881 0.18198 2 
0 0.51688 0.26337 0.01323 0.00826 0.51604 0.26433 2 
0 0.51989 0.27951 0.01387 0.00811 0.51923 0.27914 2 
0 0.52039 0.43099 0.01204 0.00583 0.51678 0.43152 2 
0 0.51859 0.44777 0.01364 0.00749 0.52097 0.44791 2 
0 0.51218 0.48041 0.00958 0.00914 0.51393 0.48033 2 
0 0.52372 0.49734 0.00931 0.01131 0.52109 0.49733 2 
0 0.51356 0.65734 0.00927 0.00731 0.51476 0.65805 2 
0 0.52548 0.66128 0.01118 0.01012 0.52287 0.66203 2 
0 0.52105 0.67639 0.02194 0.01447 0.52167 0.67393 2 
0 0.51871 0.87509 0.01395 0.00539 0.51749 0.87526 2 
0 0.51850 0.89332 0.01345 0.00801 0.51695 0.89353 2 
0 0.51703 0.93487 0.01291 0.00735 0.51571 0.93587 2 
0 0.52403 0.95119 0.01101 0.01433 0.52063 0.94922 2 
0 0.72276 0.07843 0.01175 0.00762 0.72067 0.07895 2 
0 0.71330 0.09751 0.01785 0.00748 0.71730 0.09653 2 
0 0.71547 0.11509 0.01545 0.01063 0.71545 0.11807 2 
0 0.72082 0.13641 0.01587 0.01010 0.71663 0.13508 2 
0 0.71583 0.34660 0.02577 0.01463 0.72071 0.34629 2 
0 0.71309 0.36893 0.02505 0.01344 0.71499 0.36669 2 
0 0.71392 0.56530 0.01983 0.01053 0.71238 0.56794 2 
0 0.71964 0.58159 0.01335 0.01777 0.71977 0.57942 2 
0 0.71434 0.59994 0.01789 0.01434 0.71608 0.59691 2 
0 0.71617 0.74357 0.01415 0.00924 0.71920 0.74495 2 
0 0.72282 0.76384 0.01187 0.01244 0.72025 0.76234 2 
0 0.71888 0.79169 0.01200 0.00734 0.71743 0.79293 2 
0 0.71615 0.81401 0.01250 0.01177 0.71730 0.81213 2 
0 0.72244 0.91922 0.01036 0.00777 0.72034 0.91948 2 
0 0.71520 0.94030 0.01549 0.01182 0.71937 0.93787 2 
0 0.86417 0.00666 0.00797 0.00818 0.86584 0.00577 2 
0 0.87169 0.01775 0.00939 0.00683 0.86990 0.01669 2 
0 0.81361 0.02575 0.00904 0.00541 0.81248 0.02701 2 
0 0.80326 0.04643 0.00898 0.00732 0.80577 0.04533 2 
0 0.80327 0.16989 0.00874 0.00616 0.80351 0.16996 2 
0 0.81258 0.18238 0.00969 0.00665 0.81038 0.18276 2 
0 0.81274 0.19025 0.00972 0.00686 0.81299 0.19061 2 
0 0.80309 0.20062 0.00880 0.00811 0.80449 0.20011 2 
0 0.81353 0.29175 0.00901 0.00567 0.81292 0.29280 2 
0 0.80498 0.31246 0.00730 0.00673 0.80709 0.31111 2 
0 0.80334 0.40313 0.00907 0.00639 0.80493 0.40383 2 
0 0.81144 0.42275 0.00988 0.00830 0.80926 0.42234 2 
0 0.80388 0.47394 0.01059 0.00928 0.80737 0.47571 2 
0 0.81080 0.49790 0.00865 0.00854 0.80950 0.49728 2 
0 0.81140 0.52822 0.00853 0.00671 0.80953 0.52858 2 
0 0.80420 0.54558 0.00730 0.00647 0.80557 0.54533 2 
0 0.80364 0.62119 0.00796 0.00816 0.80503 0.62069 2 
0 0.81039 0.63806 0.00901 0.00999 0.80797 0.63747 2 
0 0.81227 0.73875 0.00961 0.00664 0.80940 0.73969 2 
0 0.80423 0.75854 0.00832 0.00745 0.80645 0.75743 2 
0 0.80317 0.79682 0.00877 0.00738 0.80482 0.79733 2 
0 0.81233 0.81382 0.01158 0.00928 0.80978 0.81311 2 
0 0.81178 0.86597 0.01221 0.00816 0.80820 0.86678 2 
0 0.80600 0.88532 0.00497 0.01040 0.80653 0.88266 2 
0 0.81169 0.90708 0.01114 0.00908 0.80897 0.90610 2 
0 0.81546 0.98629 0.01327 0.00679 0.81262 0.98775 2 
0 0.95281 0.99563 0.00749 0.00618 0.95051 0.99551 2 
0 0.86072 0.97107 0.00893 0.00557 0.86320 0.97033 2 
0 0.86356 0.92782 0.00939 0.00771 0.86568 0.92851 2 
0 0.87319 0.14300 0.00849 0.00571 0.87100 0.14445 2 
0 0.86314 0.16313 0.00914 0.00783 0.86358 0.16318 2 
0 0.86408 0.21047 0.00861 0.00748 0.86586 0.21095 2 
0 0.87339 0.22910 0.01412 0.00929 0.87178 0.22799 2 
0 0.87279 0.25374 0.01064 0.00832 0.87069 0.25448 2 
0 0.86319 0.27424 0.00966 0.00693 0.86469 0.27330 2 
0 0.86256 0.44279 0.01160 0.00790 0.86518 0.44424 2 
0 0.87303 0.46145 0.01341 0.00902 0.87165 0.46130 2 
0 0.87342 0.48682 0.01203 0.00783 0.86937 0.48905 2 
0 0.86274 0.50816 0.01012 0.00811 0.86480 0.50834 2 
0 0.86416 0.51958 0.01172 0.00825 0.86720 0.52069 2 
0 0.87206 0.53695 0.01024 0.00950 0.86950 0.53577 2 
0 0.86454 0.66096 0.00861 0.00849 0.86581 0.66134 2 
0 0.87200 0.67626 0.01080 0.00957 0.86803 0.67416 2 
0 0.87322 0.69827 0.01064 0.00780 0.87302 0.69804 2 
0 0.86445 0.71832 0.00824 0.00821 0.86591 0.71777 2 
0 0.87405 0.82529 0.00960 0.00717 0.87222 0.82663 2 
0 0.86344 0.83434 0.00997 0.00773 0.86562 0.83497 2 
0 0.85996 0.84854 0.00954 0.00703 0.86231 0.84709 2 
0 0.87171 0.85095 0.00997 0.00961 0.86821 0.84882 2 
0 0.87130 0.94871 0.00735 0.00776 0.87290 0.94867 2 
0 0.94560 0.04702 0.01068 0.00772 0.94565 0.04684 2 
0 0.95336 0.06697 0.00908 0.00919 0.95003 0.06468 2 
0 0.95417 0.09950 0.00944 0.00652 0.95117 0.10084 2 
0 0.94808 0.11574 0.00838 0.00784 0.95052 0.11442 2 
0 0.95532 0.20341 0.01043 0.00781 0.95437 0.20277 2 
0 0.94708 0.22161 0.00850 0.00819 0.94952 0.22144 2 
0 0.94522 0.25742 0.01109 0.00794 0.94663 0.25805 2 
0 0.95462 0.27600 0.01177 0.01142 0.95114 0.27548 2 
0 0.95415 0.43849 0.00986 0.00778 0.95141 0.44020 2 
0 0.94770 0.45470 0.00938 0.00961 0.95011 0.45359 2 
0 0.94614 0.49022 0.00918 0.00826 0.94715 0.49090 2 
0 0.95423 0.50603 0.01018 0.01200 0.95117 0.50560 2 
0 0.94737 0.56763 0.01030 0.00840 0.95055 0.56941 2 
0 0.95495 0.58551 0.01127 0.01057 0.95110 0.58267 2 
0 0.95495 0.65125 0.00980 0.00783 0.95134 0.65344 2 
0 0.94796 0.66843 0.00756 0.00891 0.94952 0.66885 2 
0 0.94505 0.70639 0.01154 0.00928 0.94839 0.70826 2 
0 0.95401 0.72266 0.01122 0.01176 0.95055 0.72125 2 
0 0.95481 0.77863 0.01182 0.00783 0.95093 0.78077 2 
0 0.94645 0.79573 0.00939 0.00959 0.94811 0.79637 2 
0 0.94460 0.88114 0.01246 0.00741 0.94629 0.88165 2 
0 0.95176 0.89827 0.00572 0.01016 0.95169 0.89885 2 
0 0.94586 0.91755 0.01177 0.01036 0.94983 0.91597 2 
0 0.94345 0.97652 0.01427 0.00922 0.94845 0.97907 2 
