0 0.01325 0.06120 0.01321 0.00758 0.01128 0.06070 2 
0 0.01801 0.27238 0.01501 0.00861 0.01314 0.27077 2 
0 0.01214 0.50609 0.01596 0.00785 0.00850 0.50457 2 
0 0.01369 0.94823 0.02202 0.01128 0.01053 0.94711 2 
0 0.21066 0.09042 0.01722 0.01206 0.20546 0.09019 2 
0 0.19872 0.11195 0.01443 0.00588 0.20037 0.11211 2 
0 0.19716 0.12209 0.01591 0.00612 0.19666 0.12298 2 
0 0.20733 0.14331 0.01460 0.01182 0.20365 0.14203 2 
0 0.19790 0.32656 0.02474 0.01579 0.20420 0.32566 2 
0 0.19508 0.34476 0.02009 0.00661 0.19822 0.34401 2 
0 0.20990 0.35349 0.01401 0.00896 0.20567 0.35244 2 
0 0.19184 0.56480 0.01885 0.00739 0.19788 0.56642 2 
0 0.21102 0.56202 0.01772 0.01316 0.20576 0.56232 2 
0 0.20065 0.58644 0.01885 0.01394 0.20079 0.58424 2 
0 0.21027 0.76826 0.01534 0.01378 0.20656 0.76982 2 
0 0.19451 0.79645 0.01381 0.00823 0.19868 0.79541 2 
0 0.19676 0.80998 0.02168 0.00627 0.19952 0.81046 2 
0 0.21186 0.83300 0.01871 0.01512 0.20580 0.83071 2 
0 0.15646 0.99580 0.01519 0.00717 0.16212 0.99776 2 
0 0.40172 0.01222 0.01252 0.00644 0.40145 0.01308 2 
0 0.39318 0.03110 0.01173 0.00847 0.39595 0.03019 2 
0 0.39532 0.21381 0.00822 0.00872 0.39715 0.21444 2 
0 0.40061 0.23149 0.01159 0.00547 0.39948 0.23133 2 
0 0.40184 0.24465 0.01399 0.00719 0.40140 0.24556 2 
0 0.40111 0.26296 0.01358 0.00815 0.40172 0.26253 2 
0 0.39419 0.41617 0.01165 0.00846 0.39713 0.41814 2 
0 0.40128 0.43681 0.01257 0.00873 0.40017 0.43636 2 
0 0.39914 0.48446 0.01658 0.00515 0.40133 0.48481 2 
0 0.39916 0.50099 0.01497 0.00574 0.40184 0.50111 2 
0 0.39372 0.65639 0.01424 0.01142 0.39831 0.65950 2 
0 0.40176 0.67897 0.01385 0.00948 0.40037 0.67697 2 
0 0.40242 0.69282 0.01505 0.00670 0.40177 0.69314 2 
0 0.39854 0.70840 0.01276 0.00667 0.40059 0.70803 2 
0 0.39873 0.90113 0.01565 0.00738 0.40029 0.90231 2 
0 0.40212 0.92105 0.01358 0.01123 0.40137 0.91961 2 
0 0.40201 0.93384 0.01413 0.00719 0.40194 0.93486 2 
0 0.39714 0.95266 0.01397 0.01038 0.40160 0.95050 2 
0 0.51212 0.01839 0.01215 0.00912 0.51586 0.02115 2 
0 0.52463 0.03920 0.01138 0.01356 0.52135 0.03682 2 
0 0.52009 0.18724 0.01530 0.00513 0.51955 0.18690 2 
0 0.51725 0.20561 0.01375 0.00747 0.51962 0.20586 2 
0 0.51094 0.27010 0.01161 0.00954 0.51441 0.27130 2 
0 0.52764 0.28989 0.01544 0.01027 0.52165 0.28885 2 
0 0.51999 0.42877 0.01442 0.00444 0.51810 0.42870 2 
0 0.51552 0.44477 0.01740 0.00770 0.51837 0.44479 2 
0 0.51578 0.47680 0.01466 0.00877 0.51877 0.47782 2 
0 0.52527 0.49772 0.01388 0.01943 0.52060 0.49579 2 
0 0.52018 0.63826 0.01446 0.00556 0.51837 0.63877 2 
0 0.51671 0.65379 0.02025 0.00713 0.51708 0.65448 2 
0 0.51522 0.71625 0.01984 0.01004 0.51799 0.71854 2 
0 0.52309 0.73925 0.01926 0.01383 0.51610 0.73609 2 
0 0.52539 0.87808 0.01270 0.00989 0.52158 0.87893 2 
0 0.51591 0.89475 0.02102 0.00797 0.51806 0.89494 2 
0 0.51593 0.95921 0.01882 0.00885 0.51755 0.96138 2 
0 0.52174 0.97937 0.01642 0.01169 0.51857 0.97632 2 
0 0.71509 0.10589 0.02537 0.01414 0.71982 0.10332 2 
0 0.71577 0.12447 0.01975 0.01224 0.71794 0.12155 2 
0 0.71980 0.34136 0.01692 0.00603 0.71728 0.34182 2 
0 0.71058 0.35986 0.02315 0.01957 0.71675 0.35953 2 
0 0.71964 0.37790 0.01406 0.01178 0.71810 0.37623 2 
0 0.72021 0.55495 0.01512 0.00519 0.71802 0.55505 2 
0 0.71269 0.57081 0.01967 0.02180 0.71351 0.56729 2 
0 0.72478 0.58904 0.01631 0.01345 0.71904 0.58542 2 
0 0.71474 0.79623 0.02483 0.01669 0.72064 0.79164 2 
0 0.71558 0.81696 0.02307 0.01920 0.71843 0.81988 2 
0 0.94643 0.01206 0.00826 0.00843 0.94885 0.01356 2 
0 0.95264 0.02752 0.00884 0.01041 0.95133 0.02781 2 
0 0.87362 0.01285 0.01171 0.00735 0.86984 0.01398 2 
0 0.86170 0.03392 0.01006 0.00494 0.86397 0.03312 2 
0 0.81268 0.05100 0.01045 0.00572 0.80964 0.05246 2 
0 0.80341 0.07029 0.01021 0.00877 0.80595 0.06888 2 
0 0.80061 0.15921 0.01226 0.00842 0.79881 0.15790 2 
0 0.81553 0.18046 0.01731 0.01012 0.81637 0.18184 2 
0 0.81476 0.28815 0.01174 0.00676 0.81199 0.29012 2 
0 0.80090 0.30950 0.01536 0.01082 0.80375 0.30805 2 
0 0.79617 0.40738 0.01704 0.00908 0.79644 0.40738 2 
0 0.81350 0.43073 0.01529 0.01066 0.80807 0.42964 2 
0 0.81558 0.50033 0.01413 0.00746 0.81209 0.50231 2 
0 0.80308 0.52129 0.01106 0.01004 0.80623 0.52043 2 
0 0.80155 0.62154 0.01338 0.01035 0.80504 0.62207 2 
0 0.81298 0.64109 0.01243 0.00811 0.80833 0.63941 2 
0 0.81459 0.73856 0.01318 0.00688 0.80992 0.74038 2 
0 0.80244 0.75910 0.01106 0.00838 0.80468 0.75764 2 
0 0.80288 0.85400 0.01086 0.00811 0.80560 0.85518 2 
0 0.81246 0.87276 0.01226 0.01101 0.80814 0.87170 2 
0 0.81799 0.97750 0.01895 0.00885 0.81360 0.97983 2 
0 0.85987 0.19675 0.01181 0.00692 0.86415 0.19906 2 
0 0.87312 0.21646 0.01190 0.00943 0.87078 0.21599 2 
0 0.87490 0.24976 0.01093 0.00687 0.87156 0.25168 2 
0 0.85906 0.27343 0.01213 0.00681 0.86295 0.27217 2 
0 0.86281 0.45097 0.01130 0.00875 0.86559 0.45215 2 
0 0.87636 0.46124 0.01366 0.00833 0.87189 0.46368 2 
0 0.87819 0.47217 0.01501 0.00933 0.87254 0.46918 2 
0 0.86052 0.48462 0.01209 0.00823 0.86476 0.48286 2 
0 0.86172 0.66027 0.01190 0.00839 0.86559 0.66211 2 
0 0.87497 0.68124 0.01505 0.00901 0.87379 0.68108 2 
0 0.87460 0.69953 0.01246 0.00797 0.87055 0.70121 2 
0 0.86068 0.72172 0.01454 0.00844 0.85999 0.72264 2 
0 0.86029 0.89248 0.01551 0.00959 0.86267 0.89308 2 
0 0.87416 0.91491 0.01454 0.00907 0.87263 0.91436 2 
0 0.87400 0.93878 0.01190 0.00818 0.87008 0.94067 2 
0 0.85936 0.96344 0.01125 0.00697 0.86281 0.96279 2 
0 0.99517 0.04743 0.00917 0.00743 0.99777 0.04874 2 
0 0.99438 0.18622 0.00968 0.00681 0.99709 0.18504 2 
0 0.95469 0.20360 0.01022 0.00742 0.95160 0.20502 2 
0 0.94644 0.21842 0.01077 0.01021 0.95018 0.21795 2 
0 0.94442 0.24533 0.01252 0.00848 0.94915 0.24764 2 
0 0.95486 0.26293 0.01230 0.01027 0.95148 0.26271 2 
0 0.95500 0.41568 0.01038 0.00739 0.95255 0.41667 2 
0 0.94648 0.43084 0.01032 0.00835 0.94968 0.43027 2 
0 0.94512 0.49798 0.01158 0.00796 0.94571 0.49782 2 
0 0.95449 0.51558 0.01164 0.01118 0.95142 0.51489 2 
0 0.95482 0.65262 0.01167 0.00910 0.95299 0.65235 2 
0 0.94509 0.66949 0.01366 0.00821 0.94520 0.67009 2 
0 0.94509 0.70878 0.01038 0.00739 0.94590 0.70905 2 
0 0.95475 0.72783 0.01164 0.01171 0.95129 0.72697 2 
0 0.95560 0.88591 0.01114 0.00703 0.95388 0.88589 2 
0 0.94651 0.90751 0.01051 0.00818 0.94946 0.90603 2 
0 0.94566 0.94359 0.01013 0.00793 0.94571 0.94284 2 
0 0.95542 0.96412 0.01199 0.01193 0.95091 0.96169 2 
