0 0.18743 0.05807 0.01498 0.00790 0.19199 0.05986 2 
0 0.20680 0.07904 0.01330 0.01198 0.20488 0.07823 2 
0 0.19286 0.09984 0.01505 0.00712 0.19797 0.09859 2 
0 0.19334 0.28798 0.01080 0.00624 0.19607 0.28861 2 
0 0.20474 0.29122 0.01050 0.00565 0.20145 0.29156 2 
0 0.20126 0.30905 0.01486 0.00809 0.19900 0.31039 2 
0 0.18819 0.51488 0.01136 0.00649 0.19134 0.51572 2 
0 0.20461 0.51421 0.01009 0.00683 0.20167 0.51517 2 
0 0.19969 0.53286 0.01062 0.00603 0.19658 0.53218 2 
0 0.18843 0.53564 0.00961 0.00679 0.19079 0.53458 2 
0 0.20547 0.72996 0.01143 0.00746 0.20208 0.73130 2 
0 0.19571 0.75095 0.01233 0.01041 0.19832 0.74855 2 
0 0.19940 0.77342 0.01211 0.00653 0.19547 0.77230 2 
0 0.19118 0.96548 0.00954 0.00540 0.19406 0.96572 2 
0 0.20511 0.97102 0.00976 0.00594 0.20189 0.97186 2 
0 0.20305 0.98451 0.01233 0.00468 0.19894 0.98456 2 
0 0.19413 0.98942 0.00860 0.00447 0.19595 0.98906 2 
0 0.41767 0.00836 0.00879 0.00589 0.42010 0.00719 2 
0 0.39481 0.14909 0.00949 0.00750 0.39706 0.15027 2 
0 0.40131 0.16796 0.01256 0.00844 0.39733 0.16674 2 
0 0.40072 0.21190 0.01276 0.00558 0.39652 0.21264 2 
0 0.39261 0.23197 0.01024 0.00789 0.39560 0.23027 2 
0 0.39413 0.37745 0.01047 0.00886 0.39733 0.37893 2 
0 0.40162 0.39781 0.01176 0.00727 0.39777 0.39625 2 
0 0.40111 0.43404 0.01233 0.00464 0.39692 0.43406 2 
0 0.39628 0.45175 0.01207 0.00772 0.40004 0.45031 2 
0 0.39445 0.60624 0.01090 0.00818 0.39760 0.60770 2 
0 0.40111 0.62570 0.01210 0.00802 0.39726 0.62391 2 
0 0.40213 0.65062 0.01310 0.00633 0.39801 0.65134 2 
0 0.39434 0.66933 0.01147 0.00863 0.39797 0.66793 2 
0 0.39357 0.84467 0.01273 0.00918 0.39733 0.84602 2 
0 0.40158 0.86449 0.01351 0.00922 0.39713 0.86257 2 
0 0.40683 0.88960 0.01041 0.00662 0.40383 0.89027 2 
0 0.39521 0.91008 0.01039 0.00828 0.39801 0.90870 2 
0 0.52304 0.15477 0.01109 0.00712 0.51947 0.15593 2 
0 0.51763 0.17379 0.01138 0.00684 0.52108 0.17250 2 
0 0.51734 0.20812 0.01196 0.00806 0.52081 0.20932 2 
0 0.52655 0.22857 0.01440 0.01279 0.52122 0.22469 2 
0 0.52802 0.37472 0.01188 0.00848 0.52397 0.37590 2 
0 0.51751 0.39542 0.01254 0.00820 0.52152 0.39420 2 
0 0.51548 0.43606 0.01287 0.00712 0.51966 0.43741 2 
0 0.52444 0.45576 0.01432 0.01082 0.51950 0.45244 2 
0 0.52152 0.59399 0.01445 0.00689 0.51609 0.59540 2 
0 0.51291 0.61256 0.01246 0.01096 0.51639 0.61062 2 
0 0.51519 0.66423 0.01254 0.00712 0.51925 0.66552 2 
0 0.52428 0.68245 0.01176 0.00974 0.52056 0.68012 2 
0 0.52883 0.82980 0.01101 0.00745 0.52509 0.83111 2 
0 0.51627 0.85305 0.01122 0.00749 0.51846 0.85167 2 
0 0.51638 0.90391 0.01476 0.00855 0.52095 0.90562 2 
0 0.52505 0.92350 0.01219 0.01055 0.52103 0.92086 2 
0 0.71408 0.05317 0.01505 0.00697 0.71837 0.05410 2 
0 0.71885 0.07151 0.01227 0.00833 0.71662 0.07084 2 
0 0.71628 0.08800 0.01204 0.00786 0.71963 0.08661 2 
0 0.71824 0.29351 0.01010 0.01175 0.71933 0.29043 2 
0 0.71855 0.31015 0.01170 0.00943 0.72020 0.30890 2 
0 0.71956 0.50723 0.00899 0.00401 0.71780 0.50762 2 
0 0.71714 0.52562 0.01153 0.01045 0.71902 0.52526 2 
0 0.72239 0.54196 0.01028 0.00802 0.71954 0.54011 2 
0 0.72245 0.74686 0.00868 0.00519 0.72044 0.74784 2 
0 0.71695 0.75228 0.01101 0.00512 0.71794 0.75220 2 
0 0.71681 0.76892 0.01309 0.00656 0.71777 0.76744 2 
0 0.71836 0.98607 0.01430 0.00656 0.71874 0.98664 2 
0 0.81242 0.01777 0.00928 0.00555 0.80933 0.01817 2 
0 0.80361 0.03587 0.00829 0.00650 0.80636 0.03450 2 
0 0.80403 0.10730 0.00856 0.00720 0.80650 0.10889 2 
0 0.81154 0.12558 0.00999 0.00801 0.80798 0.12361 2 
0 0.81396 0.23667 0.00813 0.00544 0.81129 0.23747 2 
0 0.80264 0.25813 0.00785 0.00601 0.80498 0.25678 2 
0 0.80095 0.34557 0.00782 0.00579 0.80349 0.34675 2 
0 0.81099 0.36557 0.00860 0.00815 0.80805 0.36314 2 
0 0.81299 0.45382 0.00807 0.00618 0.81036 0.45492 2 
0 0.80452 0.47352 0.00832 0.00702 0.80653 0.47258 2 
0 0.80413 0.57643 0.00766 0.00762 0.80643 0.57808 2 
0 0.81104 0.59273 0.00906 0.00783 0.80778 0.59042 2 
0 0.81366 0.69506 0.00853 0.00593 0.81073 0.69606 2 
0 0.80282 0.71543 0.00900 0.00657 0.80542 0.71386 2 
0 0.80323 0.80254 0.01009 0.00801 0.80665 0.80469 2 
0 0.81062 0.82241 0.00953 0.00794 0.80712 0.81975 2 
0 0.81343 0.93068 0.01061 0.00646 0.80970 0.93197 2 
0 0.80390 0.95082 0.00856 0.00706 0.80643 0.94919 2 
0 0.86370 0.14650 0.00978 0.00839 0.86618 0.14766 2 
0 0.87199 0.16457 0.00987 0.00764 0.86846 0.16239 2 
0 0.87484 0.19699 0.01036 0.00675 0.87134 0.19823 2 
0 0.85971 0.22035 0.00999 0.00647 0.86241 0.21986 2 
0 0.86353 0.38660 0.00972 0.00717 0.86606 0.38738 2 
0 0.87045 0.40373 0.00822 0.00663 0.86795 0.40202 2 
0 0.87415 0.41404 0.00846 0.00552 0.87177 0.41489 2 
0 0.85936 0.43781 0.00995 0.00632 0.86189 0.43701 2 
0 0.86351 0.61409 0.01015 0.00864 0.86618 0.61507 2 
0 0.87242 0.63239 0.01137 0.00864 0.86917 0.63123 2 
0 0.87362 0.65667 0.01062 0.00743 0.87019 0.65839 2 
0 0.86404 0.67608 0.01200 0.00921 0.86732 0.67383 2 
0 0.86341 0.84326 0.01019 0.00792 0.86693 0.84513 2 
0 0.87232 0.86024 0.01046 0.00868 0.86870 0.85786 2 
0 0.87283 0.89205 0.00881 0.00650 0.87031 0.89334 2 
0 0.86272 0.91277 0.01023 0.00726 0.86599 0.91106 2 
0 0.95591 0.14812 0.01225 0.00698 0.95207 0.14931 2 
0 0.94726 0.16646 0.00946 0.00771 0.95018 0.16478 2 
0 0.94645 0.19502 0.00972 0.00788 0.94920 0.19633 2 
0 0.95392 0.21400 0.01044 0.01046 0.95033 0.21172 2 
0 0.95497 0.36610 0.01022 0.00726 0.95181 0.36694 2 
0 0.94757 0.38310 0.00877 0.00763 0.95007 0.38183 2 
0 0.94630 0.43493 0.00964 0.00771 0.94939 0.43694 2 
0 0.95394 0.45251 0.01055 0.00972 0.95015 0.44974 2 
0 0.95568 0.60744 0.01026 0.00718 0.95192 0.60865 2 
0 0.94712 0.62582 0.00903 0.00726 0.94993 0.62441 2 
0 0.94603 0.66228 0.00939 0.00763 0.94891 0.66404 2 
0 0.95444 0.67959 0.00997 0.00730 0.95080 0.67754 2 
0 0.95513 0.84222 0.01055 0.00734 0.95196 0.84367 2 
0 0.94670 0.86043 0.01008 0.00833 0.94989 0.85910 2 
0 0.94576 0.89002 0.01153 0.00817 0.94837 0.89094 2 
0 0.95510 0.90795 0.01273 0.00923 0.95047 0.90567 2 
