0 0.01565 0.33457 0.01751 0.00998 0.00975 0.33258 2 
0 0.01588 0.59474 0.01944 0.00961 0.01167 0.59414 2 
0 0.19690 0.18134 0.02783 0.01241 0.19654 0.18140 2 
0 0.20028 0.20004 0.02170 0.01111 0.20383 0.19916 2 
0 0.19937 0.39469 0.01655 0.00578 0.19960 0.39584 2 
0 0.20755 0.41718 0.01730 0.01313 0.20401 0.41659 2 
0 0.19842 0.43609 0.01536 0.00712 0.19904 0.43639 2 
0 0.20086 0.56671 0.01556 0.00932 0.19710 0.56577 2 
0 0.21112 0.62803 0.01747 0.01353 0.20782 0.62856 2 
0 0.16835 0.64437 0.01882 0.00905 0.16706 0.64419 2 
0 0.19367 0.65061 0.02669 0.01144 0.20168 0.65158 2 
0 0.20990 0.67753 0.01781 0.01429 0.20491 0.67547 2 
0 0.19729 0.86175 0.03764 0.01205 0.21029 0.86001 2 
0 0.19755 0.88255 0.02804 0.01239 0.20571 0.88394 2 
0 0.39060 0.04604 0.02027 0.01217 0.39075 0.04745 2 
0 0.40149 0.06983 0.02110 0.01295 0.40070 0.06803 2 
0 0.40683 0.10265 0.02255 0.00663 0.39984 0.10381 2 
0 0.52129 0.04658 0.01882 0.00655 0.52065 0.04724 2 
0 0.51753 0.06340 0.01351 0.00710 0.52011 0.06377 2 
0 0.51433 0.10694 0.01786 0.01085 0.51805 0.10959 2 
0 0.51995 0.12399 0.01558 0.00905 0.51984 0.12368 2 
0 0.39577 0.12172 0.01779 0.00858 0.39868 0.12068 2 
0 0.39283 0.26796 0.01617 0.01116 0.39740 0.27006 2 
0 0.52133 0.28218 0.01666 0.00948 0.52200 0.28342 2 
0 0.40550 0.28843 0.01942 0.01171 0.40117 0.28629 2 
0 0.51756 0.30009 0.01282 0.00942 0.51968 0.29958 2 
0 0.51738 0.32611 0.01440 0.00853 0.51564 0.32701 2 
0 0.40209 0.33808 0.02175 0.00825 0.40330 0.33919 2 
0 0.39726 0.35509 0.01598 0.00928 0.39992 0.35372 2 
0 0.52552 0.34523 0.01331 0.01416 0.52232 0.34378 2 
0 0.39165 0.48637 0.01784 0.01106 0.39710 0.48888 2 
0 0.40429 0.50881 0.02142 0.01363 0.39841 0.50579 2 
0 0.40486 0.54990 0.01869 0.00797 0.40102 0.55105 2 
0 0.40051 0.56710 0.01477 0.00662 0.40295 0.56713 2 
0 0.52025 0.49584 0.01588 0.00533 0.51843 0.49609 2 
0 0.51639 0.51132 0.01331 0.00732 0.51938 0.51157 2 
0 0.51160 0.54517 0.00955 0.00927 0.51403 0.54659 2 
0 0.52485 0.56490 0.01188 0.01004 0.52189 0.56349 2 
0 0.39780 0.63028 0.01744 0.01050 0.39947 0.63224 2 
0 0.40206 0.65260 0.01694 0.01399 0.40132 0.65078 2 
0 0.39733 0.74349 0.01638 0.01008 0.39842 0.74531 2 
0 0.40342 0.76665 0.01669 0.00980 0.40237 0.76602 2 
0 0.40132 0.78418 0.02053 0.00735 0.40145 0.78519 2 
0 0.39610 0.80178 0.02009 0.01120 0.39730 0.80066 2 
0 0.39693 0.95130 0.02090 0.01175 0.40015 0.95438 2 
0 0.40222 0.97516 0.02207 0.01343 0.40281 0.97222 2 
0 0.51633 0.69057 0.01477 0.01131 0.51855 0.69139 2 
0 0.52010 0.71555 0.01342 0.00699 0.51749 0.71555 2 
0 0.51973 0.72855 0.01539 0.00515 0.51743 0.72832 2 
0 0.51723 0.74542 0.01354 0.00788 0.51591 0.74498 2 
0 0.51507 0.80428 0.01831 0.00941 0.51994 0.80611 2 
0 0.52655 0.82768 0.01577 0.01399 0.52220 0.82555 2 
0 0.52181 0.95619 0.01696 0.00739 0.51779 0.95761 2 
0 0.51633 0.97709 0.01714 0.01012 0.51942 0.97662 2 
0 0.70900 0.19286 0.01473 0.01102 0.71196 0.19426 2 
0 0.72438 0.19375 0.01523 0.01141 0.72153 0.19501 2 
0 0.71789 0.21636 0.02820 0.01503 0.71768 0.21307 2 
0 0.71076 0.41076 0.03046 0.01298 0.71118 0.41234 2 
0 0.71065 0.43022 0.02864 0.01653 0.71302 0.42865 2 
0 0.71354 0.62909 0.01864 0.01098 0.71646 0.63192 2 
0 0.72007 0.64497 0.01456 0.01728 0.71745 0.64075 2 
0 0.71489 0.66153 0.01802 0.01291 0.71910 0.65948 2 
0 0.71148 0.77500 0.02374 0.01259 0.71795 0.77838 2 
0 0.72035 0.79870 0.01623 0.01190 0.71783 0.79669 2 
0 0.71930 0.87001 0.01553 0.00556 0.71737 0.87063 2 
0 0.71304 0.88867 0.01877 0.01687 0.71420 0.88837 2 
0 0.72005 0.90752 0.01652 0.01173 0.71764 0.90607 2 
0 0.80340 0.00779 0.00935 0.00758 0.80526 0.00872 2 
0 0.81140 0.02744 0.01010 0.00953 0.80813 0.02662 2 
0 0.81515 0.14122 0.01381 0.00743 0.81292 0.14311 2 
0 0.80349 0.16209 0.01053 0.00886 0.80624 0.16119 2 
0 0.80296 0.24736 0.01065 0.00891 0.80559 0.24852 2 
0 0.81216 0.26541 0.01170 0.00967 0.80870 0.26489 2 
0 0.81431 0.35487 0.01280 0.00934 0.81051 0.35666 2 
0 0.80271 0.37614 0.01107 0.00910 0.80518 0.37521 2 
0 0.80178 0.46760 0.01208 0.00962 0.80493 0.46786 2 
0 0.81309 0.48766 0.01229 0.00848 0.80952 0.48581 2 
0 0.81233 0.58857 0.00994 0.00829 0.80977 0.58973 2 
0 0.80425 0.60666 0.00926 0.00891 0.80649 0.60536 2 
0 0.80117 0.68279 0.01128 0.00758 0.80424 0.68480 2 
0 0.81140 0.70252 0.01036 0.01072 0.80862 0.70251 2 
0 0.81486 0.81730 0.01179 0.00739 0.81321 0.81849 2 
0 0.80353 0.83319 0.00876 0.01506 0.80567 0.83602 2 
0 0.81168 0.84737 0.01107 0.01072 0.80821 0.84641 2 
0 0.80246 0.94099 0.01124 0.00910 0.80637 0.94375 2 
0 0.81187 0.95981 0.01213 0.01082 0.80792 0.95873 2 
0 0.86443 0.04958 0.00871 0.00723 0.86636 0.05041 2 
0 0.87187 0.06716 0.01107 0.00991 0.86824 0.06513 2 
0 0.87499 0.10294 0.01065 0.00828 0.87125 0.10452 2 
0 0.86302 0.12466 0.00977 0.00770 0.86465 0.12412 2 
0 0.99353 0.03928 0.00949 0.00676 0.99611 0.03797 2 
0 0.95451 0.05584 0.00871 0.00634 0.95212 0.05686 2 
0 0.94784 0.07062 0.00760 0.00812 0.95033 0.06961 2 
0 0.94655 0.09790 0.00880 0.00881 0.94926 0.09952 2 
0 0.95365 0.11318 0.00940 0.01095 0.95054 0.11242 2 
0 0.86165 0.28592 0.01388 0.01000 0.86626 0.28793 2 
0 0.87243 0.30299 0.01132 0.00992 0.86827 0.30030 2 
0 0.87290 0.31816 0.01081 0.00719 0.87101 0.31865 2 
0 0.86245 0.33697 0.01096 0.00810 0.86383 0.33656 2 
0 0.95530 0.26992 0.01169 0.00876 0.95139 0.27098 2 
0 0.94515 0.28505 0.01359 0.01257 0.94988 0.28483 2 
0 0.94416 0.33077 0.01381 0.00843 0.94859 0.33336 2 
0 0.95600 0.34867 0.01395 0.01215 0.95072 0.34602 2 
0 0.85982 0.99377 0.01011 0.00557 0.86322 0.99274 2 
0 0.86338 0.98154 0.01005 0.00859 0.86600 0.98287 2 
0 0.87562 0.97016 0.01679 0.00932 0.87193 0.97137 2 
0 0.95215 0.91921 0.02224 0.01519 0.95415 0.92386 2 
0 0.95353 0.93576 0.02122 0.01190 0.94802 0.94016 2 
0 0.86176 0.86806 0.01252 0.00827 0.86588 0.86932 2 
0 0.87323 0.88710 0.01383 0.01427 0.86924 0.88663 2 
0 0.86256 0.72348 0.01148 0.00875 0.86574 0.72513 2 
0 0.87211 0.74238 0.01441 0.01233 0.86724 0.73814 2 
0 0.87469 0.78063 0.01453 0.00915 0.87162 0.78195 2 
0 0.86236 0.79982 0.01271 0.00988 0.86654 0.79815 2 
0 0.95577 0.79276 0.01500 0.01286 0.95078 0.79000 2 
0 0.94297 0.77174 0.01365 0.00941 0.94506 0.77185 2 
0 0.95673 0.73240 0.01400 0.00975 0.95291 0.73379 2 
0 0.94540 0.74983 0.01254 0.01200 0.94919 0.74946 2 
0 0.86187 0.50769 0.01286 0.01141 0.86508 0.50711 2 
0 0.87330 0.52443 0.01293 0.01133 0.86874 0.52224 2 
0 0.87407 0.54787 0.01286 0.00909 0.87129 0.54960 2 
0 0.86234 0.56986 0.01191 0.00761 0.86282 0.56986 2 
0 0.95432 0.49934 0.00942 0.00893 0.95129 0.50033 2 
0 0.94767 0.51376 0.00855 0.00918 0.94924 0.51620 2 
0 0.94544 0.55456 0.01052 0.00959 0.94763 0.55522 2 
0 0.95421 0.57122 0.01067 0.01100 0.95202 0.57077 2 
0 0.99494 0.59061 0.00942 0.00909 0.99658 0.59127 2 
