0 0.01108 0.18520 0.01027 0.00826 0.01014 0.18458 2 
0 0.01030 0.90841 0.00926 0.00702 0.00906 0.90791 2 
0 0.20437 0.04212 0.01455 0.00720 0.20094 0.04262 2 
0 0.19346 0.05826 0.01545 0.00604 0.19882 0.05859 2 
0 0.19803 0.07784 0.01665 0.00611 0.20258 0.07840 2 
0 0.20747 0.09674 0.01767 0.00778 0.20482 0.09779 2 
0 0.19005 0.24599 0.00823 0.00801 0.19199 0.24706 2 
0 0.20709 0.26671 0.00897 0.01157 0.20657 0.26661 2 
0 0.20386 0.29850 0.01155 0.01176 0.20134 0.30111 2 
0 0.19400 0.31817 0.01660 0.00699 0.19837 0.31708 2 
0 0.17181 0.41183 0.00994 0.00901 0.17375 0.41386 2 
0 0.18956 0.42030 0.01125 0.00860 0.18692 0.41942 2 
0 0.20534 0.47174 0.01679 0.01200 0.20188 0.47526 2 
0 0.19994 0.49205 0.01509 0.00762 0.20075 0.49125 2 
0 0.19461 0.51280 0.02000 0.00751 0.19750 0.51453 2 
0 0.20409 0.53079 0.01295 0.00686 0.20292 0.53105 2 
0 0.19367 0.72337 0.01426 0.00431 0.19858 0.72345 2 
0 0.20587 0.71489 0.01379 0.01099 0.20467 0.71755 2 
0 0.19750 0.73809 0.02571 0.01063 0.20281 0.73739 2 
0 0.20586 0.95482 0.01522 0.01165 0.20097 0.95793 2 
0 0.19569 0.97413 0.02364 0.01950 0.19721 0.97545 2 
0 0.20469 0.98871 0.01535 0.00645 0.20161 0.98703 2 
0 0.39483 0.16800 0.01138 0.00938 0.39738 0.16937 2 
0 0.40287 0.18916 0.01719 0.01476 0.39949 0.18695 2 
0 0.40002 0.21970 0.00940 0.00546 0.40100 0.22006 2 
0 0.39696 0.23807 0.01131 0.00917 0.39782 0.23659 2 
0 0.52297 0.16457 0.01948 0.00560 0.51699 0.16501 2 
0 0.51564 0.18031 0.01768 0.00784 0.52127 0.18025 2 
0 0.51540 0.22838 0.02053 0.00630 0.51983 0.22883 2 
0 0.52220 0.24405 0.02016 0.00826 0.52022 0.24414 2 
0 0.39364 0.33655 0.01220 0.01139 0.39665 0.33771 2 
0 0.40587 0.35446 0.02072 0.00794 0.40079 0.35405 2 
0 0.40603 0.39020 0.02295 0.00500 0.39952 0.39054 2 
0 0.39678 0.40718 0.01576 0.00608 0.40052 0.40734 2 
0 0.39483 0.60508 0.00874 0.01010 0.39674 0.60560 2 
0 0.40029 0.62260 0.01038 0.00959 0.40002 0.62281 2 
0 0.39858 0.63634 0.00870 0.00490 0.39961 0.63636 2 
0 0.39972 0.65430 0.01198 0.00876 0.39997 0.65255 2 
0 0.39656 0.81344 0.00829 0.00969 0.39742 0.81473 2 
0 0.39920 0.83186 0.01011 0.00943 0.39820 0.83163 2 
0 0.39738 0.87647 0.01293 0.00670 0.39792 0.87688 2 
0 0.40157 0.89440 0.01457 0.00866 0.40339 0.89270 2 
0 0.51708 0.33473 0.01184 0.00705 0.51614 0.33454 2 
0 0.51824 0.35173 0.01203 0.00782 0.51793 0.35127 2 
0 0.51669 0.39501 0.01097 0.00864 0.51754 0.39660 2 
0 0.52520 0.41224 0.01271 0.00962 0.52247 0.41350 2 
0 0.51621 0.57972 0.01280 0.00558 0.51483 0.57989 2 
0 0.51875 0.59755 0.01189 0.00886 0.51793 0.59722 2 
0 0.51764 0.66328 0.01392 0.00831 0.51570 0.66393 2 
0 0.52517 0.67823 0.01314 0.01066 0.52184 0.67908 2 
0 0.51802 0.81865 0.01111 0.00552 0.51522 0.81955 2 
0 0.51645 0.83664 0.01938 0.00673 0.52199 0.83656 2 
0 0.51527 0.87415 0.01488 0.00629 0.51971 0.87462 2 
0 0.52450 0.89180 0.01159 0.01369 0.52155 0.88976 2 
0 0.71361 0.06354 0.01755 0.00644 0.71945 0.06372 2 
0 0.71975 0.07914 0.01642 0.01134 0.71817 0.07877 2 
0 0.71483 0.09521 0.01702 0.00872 0.71776 0.09536 2 
0 0.71601 0.25205 0.00978 0.00436 0.71549 0.25191 2 
0 0.71364 0.27110 0.01785 0.00892 0.71842 0.27052 2 
0 0.71637 0.31260 0.01785 0.01100 0.71758 0.31439 2 
0 0.71654 0.33223 0.01227 0.00906 0.71871 0.33192 2 
0 0.71595 0.48463 0.02318 0.01677 0.71542 0.48329 2 
0 0.72019 0.49916 0.01245 0.00678 0.71890 0.49930 2 
0 0.71394 0.50953 0.01773 0.00939 0.71937 0.50941 2 
0 0.71937 0.73280 0.02029 0.01079 0.71520 0.73541 2 
0 0.71397 0.75215 0.02099 0.01852 0.72051 0.75178 2 
0 0.72098 0.76818 0.01498 0.01167 0.72080 0.76675 2 
0 0.72060 0.94360 0.01575 0.00773 0.72047 0.94515 2 
0 0.71388 0.96340 0.01666 0.01872 0.71707 0.96132 2 
0 0.72040 0.97943 0.01323 0.01053 0.71850 0.97832 2 
0 0.86120 0.00745 0.00988 0.00610 0.86261 0.00715 2 
0 0.80971 0.02813 0.00649 0.00644 0.80777 0.02835 2 
0 0.80557 0.04126 0.00591 0.00743 0.80668 0.04238 2 
0 0.80500 0.11845 0.00615 0.00759 0.80613 0.11659 2 
0 0.81006 0.13002 0.00786 0.00780 0.80830 0.13122 2 
0 0.80990 0.20231 0.00715 0.00771 0.80792 0.20368 2 
0 0.80610 0.21662 0.00626 0.00894 0.80740 0.21708 2 
0 0.80507 0.36838 0.00711 0.00645 0.80662 0.36946 2 
0 0.81088 0.38514 0.00950 0.00961 0.80874 0.38531 2 
0 0.80997 0.44088 0.00737 0.00704 0.81042 0.43939 2 
0 0.80600 0.45405 0.00682 0.00986 0.80647 0.45675 2 
0 0.80448 0.53665 0.00852 0.01000 0.80532 0.53537 2 
0 0.80941 0.55088 0.00760 0.00961 0.80818 0.55210 2 
0 0.80446 0.63050 0.00663 0.00725 0.80491 0.63029 2 
0 0.81050 0.64699 0.00903 0.01080 0.80945 0.64867 2 
0 0.81042 0.68481 0.00775 0.00755 0.80811 0.68378 2 
0 0.80559 0.69752 0.00674 0.00809 0.80714 0.69904 2 
0 0.80518 0.80427 0.00615 0.00636 0.80628 0.80336 2 
0 0.80934 0.81795 0.00685 0.00792 0.80803 0.81921 2 
0 0.81001 0.89426 0.00670 0.00645 0.80893 0.89315 2 
0 0.80589 0.90798 0.00585 0.00792 0.80654 0.91060 2 
0 0.86722 0.15971 0.00885 0.01224 0.86906 0.16344 2 
0 0.87089 0.17333 0.00965 0.01281 0.87193 0.17692 2 
0 0.95319 0.11497 0.00741 0.00651 0.95130 0.11441 2 
0 0.94880 0.12605 0.00645 0.00966 0.95031 0.12762 2 
0 0.94799 0.20269 0.00642 0.00889 0.94971 0.20279 2 
0 0.95168 0.21573 0.00632 0.00872 0.95153 0.21679 2 
0 0.87282 0.40173 0.01026 0.00641 0.86883 0.40264 2 
0 0.86420 0.40874 0.00840 0.00616 0.86698 0.40943 2 
0 0.86450 0.42069 0.01778 0.00887 0.86785 0.42142 2 
0 0.95247 0.35603 0.00592 0.00739 0.95077 0.35706 2 
0 0.94900 0.36864 0.00517 0.00747 0.95038 0.36864 2 
0 0.94708 0.45496 0.00861 0.00725 0.94918 0.45444 2 
0 0.95382 0.46883 0.00995 0.01099 0.95046 0.46751 2 
0 0.86448 0.57452 0.00747 0.00752 0.86573 0.57435 2 
0 0.87060 0.58926 0.00870 0.00938 0.86914 0.59103 2 
0 0.87095 0.64419 0.00838 0.00970 0.87071 0.64256 2 
0 0.86555 0.66211 0.00697 0.00582 0.86684 0.66074 2 
0 0.86525 0.67079 0.00610 0.00722 0.86610 0.67034 2 
0 0.87020 0.68556 0.00826 0.01119 0.86801 0.68600 2 
0 0.86498 0.84222 0.00701 0.00758 0.86516 0.84134 2 
0 0.87122 0.85624 0.00874 0.01273 0.86891 0.85828 2 
0 0.86521 0.87155 0.00701 0.00737 0.86731 0.86974 2 
0 0.87199 0.98524 0.01093 0.01242 0.86829 0.98531 2 
0 0.95258 0.59499 0.00692 0.00737 0.95126 0.59374 2 
0 0.94896 0.60630 0.00697 0.00793 0.95029 0.60805 2 
0 0.94782 0.62505 0.00618 0.01023 0.94868 0.62370 2 
0 0.95310 0.63795 0.00904 0.00835 0.95119 0.63917 2 
0 0.94769 0.72027 0.00709 0.00934 0.94942 0.72008 2 
0 0.95360 0.73454 0.01028 0.01065 0.95194 0.73576 2 
0 0.95319 0.80781 0.00721 0.00723 0.95163 0.80647 2 
0 0.94883 0.81933 0.00655 0.00924 0.95004 0.82117 2 
0 0.94672 0.89149 0.00838 0.00821 0.94914 0.89051 2 
0 0.95300 0.90306 0.00850 0.00873 0.95039 0.90387 2 
0 0.95435 0.93281 0.00920 0.00779 0.95147 0.93263 2 
0 0.94794 0.94756 0.00842 0.00887 0.94973 0.94796 2 
