0 0.00955 0.17228 0.00967 0.00668 0.00643 0.17135 2 
0 0.19782 0.01653 0.01655 0.00735 0.19936 0.01587 2 
0 0.19631 0.23437 0.02494 0.00877 0.19935 0.23595 2 
0 0.19790 0.25557 0.02355 0.01237 0.20034 0.25425 2 
0 0.20497 0.44825 0.01476 0.01157 0.20328 0.44910 2 
0 0.19470 0.46975 0.01383 0.00792 0.19913 0.46854 2 
0 0.19527 0.48262 0.02132 0.00681 0.20310 0.48421 2 
0 0.20596 0.50523 0.01678 0.01268 0.20338 0.50288 2 
0 0.20596 0.66682 0.01339 0.00761 0.20401 0.66776 2 
0 0.19430 0.68552 0.01324 0.00710 0.19560 0.68547 2 
0 0.19561 0.69340 0.01504 0.00570 0.19723 0.69361 2 
0 0.20653 0.71285 0.01483 0.01094 0.20427 0.71150 2 
0 0.20277 0.87837 0.01193 0.00611 0.20116 0.87900 2 
0 0.19572 0.90012 0.01429 0.01146 0.19721 0.90321 2 
0 0.20780 0.92597 0.01612 0.01182 0.20510 0.92481 2 
0 0.39687 0.07457 0.01671 0.00951 0.40036 0.07628 2 
0 0.40378 0.09564 0.02025 0.01172 0.40330 0.09529 2 
0 0.40186 0.15315 0.01568 0.00993 0.39943 0.15437 2 
0 0.39715 0.17300 0.01652 0.01246 0.40027 0.17091 2 
0 0.39050 0.32436 0.01835 0.01374 0.39753 0.32795 2 
0 0.40419 0.34827 0.01855 0.01244 0.40313 0.34639 2 
0 0.40374 0.36335 0.01632 0.00856 0.40305 0.36435 2 
0 0.39713 0.38450 0.01660 0.00974 0.40132 0.38203 2 
0 0.39359 0.57424 0.01224 0.01036 0.39652 0.57595 2 
0 0.40915 0.58614 0.01347 0.00762 0.40604 0.58624 2 
0 0.40648 0.59665 0.01687 0.00958 0.40250 0.59501 2 
0 0.39610 0.60639 0.01297 0.00896 0.39943 0.60439 2 
0 0.39364 0.78407 0.01250 0.01191 0.39370 0.78273 2 
0 0.40539 0.80115 0.02202 0.01387 0.40793 0.79765 2 
0 0.39351 0.81616 0.01259 0.01120 0.39669 0.81447 2 
0 0.51952 0.09794 0.01262 0.00556 0.51760 0.09810 2 
0 0.51780 0.11399 0.01229 0.00742 0.51865 0.11374 2 
0 0.51723 0.13448 0.01270 0.00770 0.51670 0.13511 2 
0 0.52530 0.15359 0.01188 0.01076 0.52203 0.15214 2 
0 0.51909 0.30656 0.01169 0.00634 0.52084 0.30645 2 
0 0.51860 0.32521 0.01116 0.00825 0.51862 0.32551 2 
0 0.51148 0.38566 0.00977 0.01072 0.51257 0.38566 2 
0 0.51956 0.40633 0.01308 0.01072 0.52155 0.40514 2 
0 0.52640 0.53133 0.01263 0.00719 0.52234 0.53207 2 
0 0.51759 0.55009 0.01425 0.00821 0.51937 0.54892 2 
0 0.51670 0.63351 0.01601 0.00923 0.51576 0.63570 2 
0 0.52821 0.65435 0.01737 0.01025 0.52291 0.65544 2 
0 0.53009 0.74043 0.01316 0.01038 0.52855 0.74034 2 
0 0.51629 0.76029 0.01586 0.01012 0.51911 0.75978 2 
0 0.51097 0.83965 0.01297 0.01008 0.51415 0.84065 2 
0 0.52430 0.85815 0.01278 0.00898 0.52088 0.85711 2 
0 0.71817 0.01327 0.01363 0.00506 0.71804 0.01361 2 
0 0.71557 0.03362 0.01516 0.01206 0.71821 0.03163 2 
0 0.70927 0.22077 0.01466 0.01312 0.71128 0.22184 2 
0 0.72473 0.22401 0.01137 0.00878 0.72151 0.22421 2 
0 0.71739 0.24405 0.02152 0.01741 0.71233 0.24621 2 
0 0.71843 0.44424 0.01114 0.00643 0.71680 0.44433 2 
0 0.71733 0.46556 0.01236 0.01333 0.71660 0.46199 2 
0 0.72247 0.48680 0.01110 0.01292 0.71944 0.48720 2 
0 0.71773 0.65625 0.01128 0.00654 0.71683 0.65602 2 
0 0.71719 0.67565 0.01290 0.00991 0.71677 0.67490 2 
0 0.71602 0.71482 0.01444 0.01062 0.71626 0.71728 2 
0 0.71992 0.73626 0.01403 0.00980 0.71809 0.73540 2 
0 0.72001 0.91171 0.01403 0.00664 0.71944 0.91218 2 
0 0.71493 0.92660 0.01642 0.01639 0.71741 0.92854 2 
0 0.72394 0.94370 0.01313 0.01149 0.71988 0.94295 2 
0 0.80178 0.03219 0.01118 0.00770 0.80478 0.03333 2 
0 0.81269 0.05193 0.01173 0.00770 0.80866 0.04981 2 
0 0.81456 0.17077 0.01164 0.00648 0.81308 0.17230 2 
0 0.80380 0.19200 0.00925 0.00743 0.80399 0.19269 2 
0 0.80349 0.27523 0.00790 0.00763 0.80316 0.27483 2 
0 0.81230 0.29464 0.00993 0.00763 0.81038 0.29515 2 
0 0.81505 0.38959 0.01276 0.00812 0.81226 0.39142 2 
0 0.80351 0.41123 0.00968 0.00775 0.80501 0.41040 2 
0 0.80298 0.52242 0.01015 0.00817 0.80491 0.52304 2 
0 0.81322 0.54286 0.01309 0.00981 0.80814 0.54087 2 
0 0.81437 0.60202 0.01182 0.00685 0.81100 0.60350 2 
0 0.79810 0.62631 0.01164 0.00874 0.79786 0.62673 2 
0 0.80206 0.77045 0.01164 0.00899 0.80194 0.76916 2 
0 0.81346 0.79083 0.01334 0.00903 0.81001 0.78963 2 
0 0.81679 0.85695 0.01436 0.00743 0.81265 0.85899 2 
0 0.80314 0.87824 0.01070 0.00882 0.80600 0.87726 2 
0 0.80227 0.97817 0.01157 0.00935 0.80412 0.97841 2 
0 0.86236 0.07165 0.01053 0.00835 0.86559 0.07256 2 
0 0.87236 0.08952 0.01111 0.00904 0.86900 0.08761 2 
0 0.95879 0.08030 0.01127 0.00626 0.95704 0.08175 2 
0 0.94694 0.10184 0.00930 0.00816 0.94958 0.10033 2 
0 0.94664 0.11995 0.00910 0.00756 0.94872 0.12108 2 
0 0.95381 0.13685 0.01016 0.01039 0.95137 0.13569 2 
0 0.87514 0.13174 0.01139 0.00833 0.87135 0.13375 2 
0 0.86252 0.15398 0.01108 0.00872 0.86507 0.15278 2 
0 0.86289 0.31459 0.01029 0.00817 0.86452 0.31491 2 
0 0.87694 0.33573 0.01006 0.00705 0.87437 0.33497 2 
0 0.87387 0.35159 0.00997 0.00730 0.87010 0.35319 2 
0 0.86162 0.37311 0.01065 0.00613 0.86554 0.37158 2 
0 0.94526 0.36323 0.01042 0.00873 0.94840 0.36422 2 
0 0.95466 0.38281 0.01011 0.00837 0.95179 0.38222 2 
0 0.94510 0.32200 0.01110 0.00776 0.94615 0.32214 2 
0 0.95541 0.30244 0.01196 0.00786 0.95317 0.30381 2 
0 0.99444 0.28619 0.00808 0.00561 0.99681 0.28569 2 
0 0.99610 0.49932 0.00700 0.00656 0.99610 0.49944 2 
0 0.95816 0.51463 0.00995 0.00650 0.95508 0.51636 2 
0 0.94619 0.53372 0.00973 0.00718 0.94944 0.53217 2 
0 0.86397 0.56316 0.00840 0.00695 0.86560 0.56345 2 
0 0.87409 0.56355 0.01024 0.00656 0.87167 0.56506 2 
0 0.86879 0.58406 0.02014 0.00900 0.86983 0.58270 2 
0 0.94461 0.61300 0.01214 0.00918 0.94866 0.61511 2 
0 0.95384 0.63136 0.00968 0.00915 0.95093 0.63060 2 
0 0.86384 0.81020 0.00901 0.00729 0.86572 0.81052 2 
0 0.87605 0.81846 0.01246 0.00684 0.87202 0.82072 2 
0 0.87593 0.83017 0.01596 0.00813 0.87199 0.82959 2 
0 0.86314 0.84001 0.01605 0.00981 0.86392 0.84046 2 
0 0.95518 0.77232 0.01198 0.00614 0.95145 0.77383 2 
0 0.94693 0.78956 0.01006 0.00733 0.94953 0.78817 2 
0 0.94533 0.85506 0.01087 0.00835 0.94914 0.85739 2 
0 0.95400 0.87322 0.01070 0.01049 0.95079 0.87203 2 
