0 0.00992 0.02560 0.00914 0.00763 0.00766 0.02397 2 
0 0.01013 0.26777 0.01041 0.00694 0.00827 0.26669 2 
0 0.00610 0.46950 0.00933 0.00572 0.00336 0.46822 2 
0 0.01386 0.68546 0.01197 0.00694 0.01105 0.68422 2 
0 0.01113 0.91132 0.01119 0.00769 0.00805 0.91019 2 
0 0.20528 0.07889 0.01487 0.01123 0.20414 0.08130 2 
0 0.19563 0.08853 0.02116 0.00528 0.19979 0.08870 2 
0 0.19955 0.10321 0.02507 0.01347 0.20100 0.09976 2 
0 0.20738 0.28949 0.02215 0.01530 0.20006 0.29387 2 
0 0.19894 0.31093 0.01632 0.00771 0.19924 0.31055 2 
0 0.19851 0.33017 0.01784 0.00648 0.19725 0.33056 2 
0 0.20282 0.34968 0.01080 0.01161 0.20022 0.34768 2 
0 0.18642 0.52701 0.01582 0.01146 0.18514 0.52647 2 
0 0.20463 0.52901 0.01790 0.01148 0.19990 0.53103 2 
0 0.18862 0.55265 0.01193 0.01158 0.19114 0.55076 2 
0 0.20243 0.55340 0.01336 0.01333 0.19867 0.54988 2 
0 0.19506 0.74303 0.02613 0.01001 0.19612 0.74470 2 
0 0.20241 0.76720 0.01419 0.01286 0.19941 0.76345 2 
0 0.19532 0.79025 0.02545 0.01254 0.20023 0.78685 2 
0 0.19557 0.97144 0.02375 0.00825 0.19953 0.97259 2 
0 0.20635 0.98998 0.02538 0.01344 0.20060 0.99256 2 
0 0.40058 0.01778 0.01017 0.00790 0.40151 0.01619 2 
0 0.39943 0.17620 0.01063 0.00732 0.39664 0.17666 2 
0 0.39902 0.19549 0.01196 0.01034 0.39788 0.19451 2 
0 0.39763 0.21159 0.01104 0.00604 0.39978 0.21198 2 
0 0.40112 0.22911 0.01453 0.00936 0.39832 0.22842 2 
0 0.39899 0.42103 0.01263 0.00721 0.39907 0.42120 2 
0 0.39809 0.43855 0.01422 0.00831 0.39702 0.43837 2 
0 0.39997 0.45130 0.01089 0.00639 0.40178 0.45131 2 
0 0.40007 0.46734 0.01037 0.00895 0.40140 0.46597 2 
0 0.40164 0.61640 0.01155 0.00616 0.39897 0.61620 2 
0 0.39899 0.63439 0.01243 0.00982 0.39864 0.63380 2 
0 0.39791 0.68887 0.01284 0.00686 0.39772 0.68899 2 
0 0.40053 0.70697 0.01469 0.00912 0.40184 0.70518 2 
0 0.39583 0.83694 0.00765 0.01162 0.39669 0.83572 2 
0 0.40028 0.85402 0.01345 0.00930 0.39826 0.85375 2 
0 0.39892 0.91120 0.01371 0.00697 0.40086 0.91127 2 
0 0.39940 0.92774 0.01191 0.00947 0.39962 0.92580 2 
0 0.52165 0.01597 0.01541 0.00646 0.51806 0.01616 2 
0 0.52162 0.15445 0.01895 0.00529 0.51841 0.15480 2 
0 0.51663 0.17254 0.02012 0.00714 0.51929 0.17170 2 
0 0.51502 0.23617 0.01813 0.00600 0.51893 0.23594 2 
0 0.52192 0.25389 0.01742 0.00748 0.51852 0.25488 2 
0 0.52162 0.39486 0.01596 0.00554 0.51694 0.39485 2 
0 0.51957 0.41176 0.01473 0.00797 0.51828 0.41219 2 
0 0.51757 0.47885 0.01405 0.00741 0.51776 0.48010 2 
0 0.52112 0.49525 0.01582 0.00735 0.51809 0.49521 2 
0 0.52312 0.63177 0.01878 0.00581 0.52161 0.63215 2 
0 0.51911 0.64944 0.01234 0.00763 0.51647 0.64890 2 
0 0.51791 0.67413 0.01316 0.00698 0.52122 0.67510 2 
0 0.52018 0.69201 0.01574 0.00578 0.51814 0.69135 2 
0 0.52118 0.85470 0.01480 0.00716 0.52185 0.85583 2 
0 0.51851 0.87285 0.01256 0.00907 0.51743 0.87140 2 
0 0.51787 0.89450 0.01307 0.00729 0.51470 0.89513 2 
0 0.52672 0.91312 0.01556 0.01782 0.52174 0.91203 2 
0 0.71725 0.06905 0.01327 0.00558 0.72013 0.06949 2 
0 0.71719 0.08649 0.01417 0.01853 0.71693 0.08446 2 
0 0.72004 0.10285 0.01357 0.00685 0.71814 0.10285 2 
0 0.72112 0.30898 0.01634 0.00567 0.71767 0.30859 2 
0 0.71496 0.32602 0.01767 0.01570 0.71598 0.32262 2 
0 0.72101 0.34182 0.01370 0.00738 0.71875 0.34189 2 
0 0.71982 0.54604 0.01787 0.00905 0.71823 0.54802 2 
0 0.71678 0.56653 0.01525 0.01286 0.71196 0.56314 2 
0 0.71943 0.58384 0.01156 0.00922 0.71779 0.58250 2 
0 0.71654 0.76413 0.01832 0.01477 0.71758 0.76286 2 
0 0.72002 0.78030 0.01716 0.00670 0.71745 0.78057 2 
0 0.71479 0.78756 0.01517 0.00646 0.71779 0.78746 2 
0 0.71378 0.98088 0.01850 0.01076 0.71857 0.98347 2 
0 0.71978 0.99531 0.01322 0.00469 0.71723 0.99531 2 
0 0.81009 0.02060 0.00689 0.00681 0.80813 0.01982 2 
0 0.80626 0.03260 0.00598 0.00751 0.80708 0.03401 2 
0 0.94811 0.01984 0.00584 0.00767 0.94911 0.01775 2 
0 0.95179 0.02944 0.00682 0.00815 0.95064 0.03053 2 
0 0.80545 0.14129 0.00628 0.00761 0.80689 0.14125 2 
0 0.80954 0.15405 0.00765 0.00711 0.80790 0.15496 2 
0 0.81030 0.26127 0.00741 0.00944 0.80824 0.25885 2 
0 0.80409 0.27378 0.00928 0.00706 0.80698 0.27246 2 
0 0.80471 0.38040 0.00752 0.00804 0.80632 0.37871 2 
0 0.81020 0.39274 0.00850 0.00847 0.80761 0.39314 2 
0 0.81012 0.49970 0.00801 0.00931 0.80821 0.49811 2 
0 0.80523 0.51159 0.00734 0.00766 0.80711 0.51239 2 
0 0.80519 0.62202 0.00672 0.00831 0.80635 0.62011 2 
0 0.81001 0.63293 0.00849 0.00951 0.80850 0.63503 2 
0 0.81069 0.71999 0.00880 0.00836 0.80840 0.71829 2 
0 0.80539 0.73353 0.00730 0.00691 0.80764 0.73161 2 
0 0.80462 0.81686 0.00813 0.00902 0.80667 0.81705 2 
0 0.80948 0.83177 0.00771 0.01008 0.80764 0.83076 2 
0 0.81054 0.94605 0.00876 0.00801 0.80815 0.94580 2 
0 0.80486 0.95951 0.00871 0.00701 0.80727 0.95790 2 
0 0.95362 0.17166 0.00872 0.00749 0.95174 0.17031 2 
0 0.94743 0.18644 0.00895 0.00787 0.94865 0.18622 2 
0 0.94735 0.22999 0.00757 0.00878 0.94904 0.22839 2 
0 0.95287 0.24158 0.00967 0.00913 0.95069 0.24275 2 
0 0.95349 0.41005 0.00845 0.00822 0.95110 0.40875 2 
0 0.94842 0.42350 0.00811 0.00926 0.95010 0.42292 2 
0 0.94790 0.46896 0.00692 0.00809 0.94909 0.46672 2 
0 0.95328 0.47854 0.00941 0.00926 0.95032 0.47878 2 
0 0.95398 0.63067 0.00891 0.00787 0.95196 0.62947 2 
0 0.94842 0.64389 0.00788 0.00913 0.95020 0.64275 2 
0 0.94716 0.70760 0.00742 0.00762 0.94904 0.70625 2 
0 0.95305 0.71928 0.00910 0.00952 0.95086 0.72069 2 
0 0.95337 0.85685 0.00814 0.00861 0.95147 0.85550 2 
0 0.94874 0.87152 0.00608 0.00705 0.94951 0.87142 2 
0 0.94834 0.90689 0.00604 0.00805 0.94921 0.90486 2 
0 0.95316 0.91745 0.00956 0.00883 0.95047 0.91767 2 
0 0.86534 0.18111 0.00656 0.00737 0.86620 0.17919 2 
0 0.87050 0.19310 0.00885 0.00853 0.86804 0.19347 2 
0 0.87101 0.22208 0.00791 0.00918 0.86865 0.22083 2 
0 0.86472 0.23651 0.00828 0.00761 0.86673 0.23493 2 
0 0.86554 0.42008 0.00721 0.00793 0.86669 0.41806 2 
0 0.87099 0.43118 0.00951 0.00955 0.86886 0.43304 2 
0 0.87142 0.45947 0.00881 0.00853 0.86861 0.45850 2 
0 0.86472 0.47500 0.00729 0.00686 0.86677 0.47347 2 
0 0.86517 0.66119 0.00697 0.00853 0.86661 0.65902 2 
0 0.86968 0.67163 0.00697 0.00621 0.86820 0.67195 2 
0 0.87019 0.68127 0.00594 0.00714 0.86902 0.67872 2 
0 0.86552 0.69614 0.00742 0.00784 0.86718 0.69435 2 
0 0.86507 0.85780 0.00766 0.00821 0.86693 0.85652 2 
0 0.87099 0.86957 0.00983 0.00923 0.86804 0.87025 2 
0 0.87099 0.90725 0.00803 0.00770 0.86853 0.90702 2 
0 0.86558 0.92251 0.00705 0.00649 0.86718 0.92121 2 
