0 0.52238 0.00473 0.02106 0.00606 0.52273 0.00410 2 
0 0.95156 0.00317 0.00356 0.00461 0.95123 0.00219 2 
0 0.52203 0.02204 0.01372 0.00820 0.52072 0.02213 2 
0 0.52029 0.04199 0.00937 0.00667 0.51988 0.04242 2 
0 0.39745 0.06102 0.01274 0.00711 0.39763 0.06132 2 
0 0.19378 0.12500 0.02468 0.00802 0.19364 0.12569 2 
0 0.20912 0.14529 0.03791 0.01790 0.20141 0.14491 2 
0 0.19957 0.16493 0.01677 0.01093 0.19865 0.16539 2 
0 0.19316 0.35298 0.02791 0.00762 0.19434 0.35326 2 
0 0.20314 0.36796 0.01911 0.01356 0.19898 0.36775 2 
0 0.19465 0.38130 0.02286 0.00784 0.19520 0.38132 2 
0 0.19158 0.56858 0.03065 0.00743 0.19477 0.56862 2 
0 0.20817 0.58908 0.01751 0.00803 0.20598 0.58971 2 
0 0.20416 0.63026 0.02660 0.00676 0.20001 0.63071 2 
0 0.19427 0.64816 0.02687 0.00878 0.19696 0.64775 2 
0 0.00991 0.29007 0.01028 0.00498 0.00908 0.29093 2 
0 0.00804 0.50359 0.00894 0.00498 0.00658 0.50388 2 
0 0.19445 0.86297 0.02482 0.00656 0.19428 0.86389 2 
0 0.20675 0.89204 0.01990 0.00742 0.20473 0.89102 2 
0 0.19301 0.91224 0.01722 0.00724 0.19461 0.91198 2 
0 0.40252 0.07816 0.01617 0.01034 0.40146 0.07717 2 
0 0.51872 0.06049 0.01283 0.00961 0.51975 0.05955 2 
0 0.40006 0.21613 0.01348 0.00799 0.39882 0.21629 2 
0 0.51771 0.22806 0.01262 0.00748 0.51854 0.22809 2 
0 0.39606 0.23597 0.02229 0.01151 0.39705 0.23518 2 
0 0.40101 0.28316 0.01638 0.00896 0.40139 0.28348 2 
0 0.51909 0.24388 0.01227 0.00941 0.51888 0.24385 2 
0 0.51876 0.27548 0.01282 0.00856 0.51723 0.27609 2 
0 0.51796 0.29376 0.01132 0.00828 0.51852 0.29374 2 
0 0.40060 0.29993 0.01719 0.01138 0.39994 0.29862 2 
0 0.39819 0.44545 0.02369 0.00678 0.39875 0.44503 2 
0 0.40020 0.46367 0.01660 0.01126 0.40066 0.46290 2 
0 0.51431 0.50410 0.01669 0.00519 0.51718 0.50483 2 
0 0.51530 0.51067 0.01873 0.00722 0.51561 0.51114 2 
0 0.52256 0.49385 0.02135 0.00569 0.51721 0.49378 2 
0 0.51896 0.52137 0.01215 0.00842 0.51946 0.52056 2 
0 0.40550 0.55043 0.02378 0.00711 0.40024 0.55076 2 
0 0.39649 0.56615 0.02370 0.00840 0.40067 0.56531 2 
0 0.39358 0.66337 0.01216 0.00843 0.39719 0.66162 2 
0 0.40445 0.67955 0.02211 0.00893 0.40289 0.67955 2 
0 0.51432 0.72035 0.01697 0.00606 0.51642 0.71977 2 
0 0.52082 0.73666 0.01600 0.00681 0.52021 0.73618 2 
0 0.52638 0.75555 0.01462 0.00674 0.52244 0.75524 2 
0 0.51543 0.77100 0.02461 0.00987 0.51739 0.77111 2 
0 0.40627 0.81104 0.02370 0.00742 0.40134 0.81134 2 
0 0.39808 0.82730 0.01490 0.00579 0.39956 0.82732 2 
0 0.52306 0.93975 0.02044 0.00563 0.51783 0.93966 2 
0 0.51751 0.95650 0.01546 0.01087 0.51791 0.95542 2 
0 0.39911 0.99511 0.01083 0.00761 0.39955 0.99516 2 
0 0.71586 0.12270 0.01658 0.01250 0.71603 0.12463 2 
0 0.72123 0.14291 0.01828 0.01886 0.71590 0.14437 2 
0 0.71448 0.16064 0.01871 0.01408 0.71720 0.15898 2 
0 0.80902 0.09026 0.00495 0.00500 0.80894 0.08915 2 
0 0.80586 0.10458 0.00558 0.00436 0.80578 0.10551 2 
0 0.80569 0.18175 0.00507 0.00582 0.80651 0.18058 2 
0 0.80969 0.19558 0.00686 0.00632 0.80897 0.19723 2 
0 0.71317 0.35861 0.02157 0.00799 0.71334 0.35765 2 
0 0.72062 0.37746 0.01570 0.00775 0.71829 0.37693 2 
0 0.72106 0.40620 0.01889 0.00573 0.71977 0.40594 2 
0 0.71689 0.42533 0.01514 0.01319 0.71741 0.42366 2 
0 0.80857 0.35711 0.00565 0.00412 0.80839 0.35664 2 
0 0.80364 0.37220 0.01030 0.00600 0.80464 0.37258 2 
0 0.80448 0.41474 0.00773 0.00698 0.80601 0.41367 2 
0 0.81064 0.42974 0.00950 0.00831 0.80952 0.43186 2 
0 0.71272 0.58802 0.02324 0.01218 0.71724 0.59082 2 
0 0.72079 0.61056 0.01619 0.01312 0.71797 0.60788 2 
0 0.72324 0.66301 0.01203 0.00989 0.72082 0.66535 2 
0 0.71534 0.68816 0.01247 0.01208 0.71679 0.68595 2 
0 0.80868 0.61719 0.00376 0.00589 0.80876 0.61556 2 
0 0.80674 0.62811 0.00454 0.00678 0.80670 0.62992 2 
0 0.80617 0.64679 0.00434 0.00625 0.80626 0.64492 2 
0 0.80950 0.65783 0.00692 0.00717 0.80793 0.65994 2 
0 0.71313 0.80673 0.02031 0.00707 0.71791 0.80689 2 
0 0.72034 0.82595 0.01403 0.00707 0.71832 0.82606 2 
0 0.71695 0.85298 0.00830 0.00731 0.71822 0.85345 2 
0 0.71886 0.87044 0.01024 0.01080 0.71770 0.86983 2 
0 0.80969 0.80423 0.00674 0.00535 0.80943 0.80250 2 
0 0.80435 0.81845 0.00842 0.00447 0.80395 0.81942 2 
0 0.80533 0.86575 0.00637 0.00742 0.80631 0.86375 2 
0 0.80911 0.87926 0.00700 0.00755 0.80815 0.88119 2 
0 0.94935 0.01431 0.00626 0.00444 0.95012 0.01478 2 
0 0.94831 0.03771 0.00515 0.00469 0.94909 0.03697 2 
0 0.95184 0.05128 0.00687 0.00633 0.95049 0.05219 2 
0 0.87166 0.05003 0.00881 0.00472 0.87035 0.04928 2 
0 0.86629 0.06682 0.00488 0.00619 0.86507 0.06792 2 
0 0.86624 0.22134 0.00426 0.00454 0.86636 0.22000 2 
0 0.86908 0.23233 0.00594 0.00761 0.86857 0.23437 2 
0 0.95094 0.26876 0.01447 0.00403 0.95088 0.26912 2 
0 0.94786 0.28381 0.01336 0.00577 0.94934 0.28258 2 
0 0.87012 0.31922 0.00718 0.00592 0.86918 0.31763 2 
0 0.86334 0.33290 0.01030 0.00618 0.86426 0.33440 2 
0 0.86620 0.45664 0.00498 0.00561 0.86699 0.45498 2 
0 0.86904 0.46926 0.00599 0.00607 0.86825 0.47115 2 
0 0.94935 0.50688 0.00343 0.00507 0.94938 0.50520 2 
0 0.95087 0.51654 0.00430 0.00724 0.95022 0.51792 2 
0 0.95156 0.52849 0.00418 0.00524 0.95106 0.52720 2 
0 0.94970 0.53825 0.00478 0.00728 0.95028 0.54060 2 
0 0.87010 0.57693 0.00610 0.00457 0.86961 0.57542 2 
0 0.86630 0.59196 0.00469 0.00439 0.86559 0.59328 2 
0 0.86644 0.68608 0.00477 0.00594 0.86706 0.68419 2 
0 0.86891 0.69666 0.00577 0.00552 0.86853 0.69819 2 
0 0.95309 0.71609 0.00719 0.00544 0.95309 0.71450 2 
0 0.95015 0.72707 0.00324 0.00438 0.94983 0.72844 2 
0 0.94985 0.73443 0.00302 0.00451 0.94966 0.73319 2 
0 0.95203 0.74566 0.00708 0.00683 0.95130 0.74747 2 
0 0.86979 0.76522 0.00596 0.00581 0.86937 0.76364 2 
0 0.86605 0.77918 0.00666 0.00507 0.86605 0.78025 2 
0 0.86666 0.90787 0.00485 0.00649 0.86714 0.90600 2 
0 0.86865 0.91826 0.00563 0.00655 0.86837 0.92001 2 
0 0.94880 0.95549 0.00541 0.00624 0.94909 0.95375 2 
0 0.95166 0.96679 0.00629 0.00762 0.95095 0.96916 2 
