0 0.19153 0.11735 0.01432 0.00802 0.19561 0.11897 2 
0 0.20444 0.13533 0.01094 0.01192 0.20460 0.13173 2 
0 0.19565 0.15295 0.00848 0.00530 0.19723 0.15273 2 
0 0.19067 0.34781 0.01151 0.00693 0.19420 0.34887 2 
0 0.20514 0.37039 0.01473 0.00866 0.20260 0.36959 2 
0 0.19409 0.38898 0.01127 0.00791 0.19690 0.38785 2 
0 0.19247 0.57481 0.01177 0.00706 0.19457 0.57613 2 
0 0.20493 0.58677 0.01273 0.00763 0.20148 0.58837 2 
0 0.20410 0.59607 0.01206 0.00909 0.20031 0.59407 2 
0 0.18806 0.60986 0.01169 0.00890 0.19182 0.60800 2 
0 0.18920 0.80195 0.01281 0.00749 0.19341 0.80306 2 
0 0.20347 0.82408 0.01323 0.00927 0.20156 0.82382 2 
0 0.19039 0.84419 0.01186 0.00965 0.19353 0.84242 2 
0 0.40163 0.05277 0.01217 0.00501 0.39803 0.05279 2 
0 0.39683 0.07076 0.01167 0.00726 0.39902 0.06989 2 
0 0.39277 0.20934 0.01316 0.00862 0.39637 0.21046 2 
0 0.40043 0.22855 0.01308 0.00824 0.39666 0.22714 2 
0 0.40074 0.29080 0.01130 0.00497 0.39786 0.29164 2 
0 0.39701 0.30823 0.01171 0.00712 0.40051 0.30691 2 
0 0.39379 0.43821 0.01196 0.00881 0.39708 0.43929 2 
0 0.40190 0.45611 0.01635 0.00534 0.40192 0.45658 2 
0 0.40213 0.50834 0.01316 0.00515 0.39782 0.50843 2 
0 0.39474 0.52654 0.01113 0.00651 0.39790 0.52586 2 
0 0.39346 0.66486 0.01188 0.00810 0.39604 0.66610 2 
0 0.40211 0.68536 0.01503 0.00675 0.39687 0.68390 2 
0 0.40271 0.74471 0.01291 0.00459 0.39848 0.74457 2 
0 0.39408 0.76265 0.01014 0.00712 0.39687 0.76171 2 
0 0.39447 0.89409 0.01176 0.00881 0.39757 0.89592 2 
0 0.40130 0.91528 0.01498 0.00829 0.39637 0.91395 2 
0 0.39774 0.98220 0.01217 0.00506 0.39389 0.98272 2 
0 0.51731 0.01458 0.00992 0.00515 0.52001 0.01438 2 
0 0.51708 0.02854 0.00930 0.00663 0.51903 0.02926 2 
0 0.52430 0.04778 0.01038 0.00977 0.52108 0.04549 2 
0 0.52000 0.23468 0.01227 0.00616 0.51653 0.23535 2 
0 0.51581 0.25204 0.00930 0.00612 0.51813 0.25158 2 
0 0.51745 0.26839 0.01086 0.00570 0.52042 0.26878 2 
0 0.52388 0.28483 0.00996 0.01020 0.52050 0.28269 2 
0 0.52214 0.45070 0.01106 0.00584 0.51887 0.45140 2 
0 0.51690 0.46983 0.01082 0.00672 0.51973 0.46912 2 
0 0.51589 0.49638 0.01078 0.00696 0.51805 0.49717 2 
0 0.52436 0.51542 0.00992 0.00978 0.52157 0.51349 2 
0 0.52286 0.68844 0.01225 0.00654 0.51948 0.68948 2 
0 0.51737 0.70588 0.01045 0.00570 0.51923 0.70516 2 
0 0.51606 0.72480 0.00988 0.00663 0.51735 0.72584 2 
0 0.52339 0.74295 0.00906 0.00965 0.52075 0.74119 2 
0 0.52475 0.92283 0.00930 0.00705 0.52214 0.92390 2 
0 0.51702 0.94266 0.01000 0.00645 0.51932 0.94282 2 
0 0.51823 0.95590 0.00955 0.00640 0.52079 0.95650 2 
0 0.52444 0.97426 0.01180 0.00900 0.52087 0.97255 2 
0 0.71481 0.11555 0.01523 0.00742 0.71716 0.11719 2 
0 0.71816 0.13344 0.00807 0.00696 0.71622 0.13247 2 
0 0.72176 0.14808 0.00821 0.00602 0.71919 0.14858 2 
0 0.71814 0.16661 0.00996 0.00654 0.72030 0.16594 2 
0 0.71575 0.35519 0.01060 0.00685 0.71696 0.35561 2 
0 0.72146 0.36353 0.00890 0.00597 0.71856 0.36436 2 
0 0.71979 0.37199 0.01069 0.00815 0.71684 0.37075 2 
0 0.71754 0.38227 0.01014 0.00524 0.72000 0.38214 2 
0 0.71589 0.58396 0.01298 0.00696 0.71949 0.58478 2 
0 0.72002 0.60244 0.01344 0.00883 0.71853 0.60181 2 
0 0.71496 0.62163 0.01163 0.00702 0.71829 0.62050 2 
0 0.71431 0.81181 0.01239 0.00722 0.71843 0.81292 2 
0 0.72025 0.82941 0.00656 0.00784 0.71900 0.82872 2 
0 0.72192 0.83907 0.00697 0.00587 0.72020 0.83975 2 
0 0.71621 0.85961 0.01060 0.00872 0.71885 0.85825 2 
0 0.95374 0.00900 0.00714 0.00522 0.95150 0.00958 2 
0 0.94888 0.02424 0.00621 0.00703 0.95032 0.02257 2 
0 0.94709 0.03194 0.00577 0.00506 0.94802 0.03269 2 
0 0.95274 0.05023 0.00690 0.00631 0.95077 0.04848 2 
0 0.87236 0.00371 0.00952 0.00669 0.87091 0.00181 2 
0 0.87360 0.05557 0.00842 0.00553 0.87091 0.05644 2 
0 0.81169 0.09701 0.00962 0.00593 0.80856 0.09808 2 
0 0.80264 0.11552 0.00922 0.00755 0.80552 0.11357 2 
0 0.80342 0.16842 0.00940 0.00759 0.80632 0.17032 2 
0 0.81127 0.18718 0.00953 0.00836 0.80790 0.18507 2 
0 0.81332 0.31167 0.01002 0.00681 0.80995 0.31325 2 
0 0.80317 0.33091 0.00928 0.00759 0.80607 0.32940 2 
0 0.80134 0.40531 0.01033 0.00755 0.80434 0.40687 2 
0 0.81247 0.42683 0.01192 0.00818 0.80825 0.42520 2 
0 0.81312 0.54916 0.00968 0.00695 0.80977 0.55029 2 
0 0.80274 0.56997 0.01033 0.00783 0.80520 0.56865 2 
0 0.80280 0.63539 0.01083 0.00966 0.80651 0.63815 2 
0 0.81234 0.65615 0.01204 0.00874 0.80787 0.65378 2 
0 0.81292 0.78536 0.01064 0.00667 0.80930 0.78666 2 
0 0.80296 0.80594 0.01052 0.00885 0.80617 0.80394 2 
0 0.80339 0.86392 0.00940 0.00850 0.80623 0.86550 2 
0 0.81287 0.88280 0.01154 0.00874 0.80840 0.88078 2 
0 0.85966 0.08019 0.00903 0.00495 0.86178 0.07952 2 
0 0.86456 0.20955 0.00896 0.00860 0.86574 0.20922 2 
0 0.87282 0.22649 0.01042 0.00766 0.86959 0.22458 2 
0 0.87456 0.27302 0.00951 0.00644 0.87140 0.27412 2 
0 0.85846 0.29640 0.01163 0.00574 0.86227 0.29550 2 
0 0.86426 0.44733 0.00969 0.00805 0.86723 0.44877 2 
0 0.87242 0.46489 0.01045 0.00837 0.86855 0.46283 2 
0 0.87471 0.50841 0.00955 0.00605 0.87188 0.50986 2 
0 0.86372 0.52974 0.01007 0.00817 0.86695 0.52797 2 
0 0.86367 0.67612 0.01003 0.00758 0.86699 0.67779 2 
0 0.87232 0.69395 0.01114 0.00939 0.86820 0.69126 2 
0 0.87440 0.74601 0.00920 0.00617 0.87126 0.74690 2 
0 0.85963 0.76917 0.01007 0.00566 0.86251 0.76851 2 
0 0.86379 0.90301 0.01014 0.00821 0.86678 0.90484 2 
0 0.87294 0.92089 0.01087 0.00876 0.86966 0.91914 2 
0 0.87334 0.96230 0.01014 0.00735 0.86970 0.96346 2 
0 0.86050 0.98348 0.01097 0.00664 0.86362 0.98236 2 
0 0.95389 0.22601 0.00719 0.00532 0.95163 0.22685 2 
0 0.94890 0.24143 0.00646 0.00675 0.95037 0.24096 2 
0 0.94720 0.25601 0.00734 0.00571 0.94857 0.25671 2 
0 0.95377 0.27207 0.00887 0.00909 0.95224 0.27181 2 
0 0.95421 0.46078 0.00921 0.00671 0.95186 0.46201 2 
0 0.94766 0.47811 0.00757 0.00692 0.94964 0.47724 2 
0 0.94662 0.49496 0.00818 0.00731 0.94888 0.49641 2 
0 0.95509 0.51320 0.01082 0.00848 0.95171 0.51090 2 
0 0.95513 0.69923 0.00952 0.00601 0.95213 0.70007 2 
0 0.94811 0.71634 0.00681 0.00562 0.94976 0.71591 2 
0 0.94796 0.72495 0.00665 0.00614 0.94880 0.72560 2 
0 0.95362 0.74037 0.00948 0.00991 0.95068 0.73845 2 
0 0.95473 0.91388 0.00864 0.00636 0.95243 0.91394 2 
0 0.94666 0.93162 0.00795 0.00567 0.94888 0.93047 2 
0 0.94622 0.95011 0.00891 0.00762 0.94670 0.94994 2 
0 0.95402 0.96671 0.01059 0.00904 0.95037 0.96435 2 
