0 0.39541 0.00574 0.01142 0.00414 0.39860 0.00546 2 
0 0.52166 0.01065 0.01710 0.00526 0.51901 0.01051 2 
0 0.00963 0.11695 0.00722 0.00561 0.00908 0.11672 2 
0 0.00742 0.31627 0.00823 0.00564 0.00561 0.31541 2 
0 0.01078 0.55262 0.00897 0.00635 0.01091 0.55294 2 
0 0.00413 0.70673 0.00552 0.00749 0.00331 0.70663 2 
0 0.00961 0.94406 0.00650 0.00689 0.00837 0.94341 2 
0 0.16135 0.99660 0.01671 0.00587 0.16660 0.99629 2 
0 0.20166 0.07888 0.01691 0.00935 0.19892 0.07880 2 
0 0.20758 0.14881 0.01676 0.00555 0.20220 0.14886 2 
0 0.19833 0.16703 0.01713 0.00767 0.20007 0.16625 2 
0 0.19821 0.17967 0.01690 0.00705 0.19904 0.17946 2 
0 0.20231 0.20165 0.01786 0.00736 0.19861 0.20180 2 
0 0.17285 0.37167 0.00801 0.00601 0.17443 0.37184 2 
0 0.20140 0.37953 0.03246 0.00881 0.19673 0.38023 2 
0 0.19629 0.40015 0.04299 0.01517 0.20062 0.40162 2 
0 0.19996 0.61136 0.05313 0.01716 0.20623 0.61200 2 
0 0.19967 0.63480 0.05313 0.01732 0.19463 0.63232 2 
0 0.20547 0.80185 0.01471 0.00601 0.20239 0.80241 2 
0 0.19877 0.81944 0.01423 0.00691 0.20020 0.81964 2 
0 0.19943 0.82943 0.01713 0.00562 0.20084 0.82942 2 
0 0.20064 0.84628 0.01919 0.00681 0.19584 0.84630 2 
0 0.19429 0.91368 0.01965 0.00842 0.19426 0.91379 2 
0 0.39998 0.02099 0.01276 0.01080 0.39856 0.02153 2 
0 0.40057 0.06760 0.01342 0.00733 0.40161 0.06755 2 
0 0.39804 0.08434 0.01551 0.00664 0.40254 0.08453 2 
0 0.39886 0.14631 0.01378 0.00722 0.40231 0.14738 2 
0 0.40376 0.16606 0.02133 0.00768 0.39918 0.16662 2 
0 0.39942 0.26724 0.01480 0.00722 0.39984 0.26789 2 
0 0.39937 0.28566 0.01112 0.00791 0.40170 0.28542 2 
0 0.39921 0.29753 0.01164 0.00658 0.40165 0.29741 2 
0 0.39990 0.31462 0.01240 0.00843 0.40037 0.31350 2 
0 0.39707 0.47502 0.01847 0.00526 0.40081 0.47497 2 
0 0.40016 0.49269 0.01454 0.00710 0.40112 0.49186 2 
0 0.39837 0.53003 0.01567 0.00693 0.40174 0.53033 2 
0 0.39949 0.54813 0.01383 0.00976 0.40240 0.54656 2 
0 0.39373 0.70521 0.01332 0.00653 0.39693 0.70559 2 
0 0.41001 0.72338 0.01914 0.01247 0.40730 0.72297 2 
0 0.39901 0.73833 0.01317 0.01074 0.40161 0.73661 2 
0 0.39902 0.92077 0.01554 0.00880 0.39958 0.92141 2 
0 0.39911 0.94001 0.01626 0.00887 0.39856 0.93935 2 
0 0.40180 0.98728 0.01710 0.00931 0.39962 0.98821 2 
0 0.51574 0.02803 0.01903 0.00923 0.51588 0.02752 2 
0 0.51675 0.06251 0.01597 0.00809 0.51940 0.06394 2 
0 0.52277 0.08096 0.01844 0.00884 0.52070 0.08071 2 
0 0.51762 0.20763 0.01368 0.00798 0.51963 0.20770 2 
0 0.51838 0.23153 0.01014 0.00754 0.51871 0.23071 2 
0 0.52173 0.24024 0.00531 0.00601 0.52148 0.24062 2 
0 0.51881 0.25841 0.01212 0.00864 0.52037 0.25723 2 
0 0.51810 0.32532 0.01382 0.00817 0.51977 0.32579 2 
0 0.51911 0.34378 0.01236 0.01029 0.51968 0.34256 2 
0 0.52182 0.47483 0.02048 0.00562 0.52060 0.47448 2 
0 0.51682 0.48984 0.02208 0.00774 0.51903 0.49015 2 
0 0.51812 0.53247 0.01330 0.00853 0.51542 0.53323 2 
0 0.52074 0.54907 0.01583 0.00778 0.51866 0.54864 2 
0 0.52204 0.66508 0.01767 0.00585 0.52079 0.66515 2 
0 0.51887 0.68205 0.01173 0.00743 0.51935 0.68171 2 
0 0.51776 0.76263 0.01569 0.00774 0.51959 0.76378 2 
0 0.51883 0.78027 0.01062 0.00758 0.51838 0.77956 2 
0 0.51847 0.93040 0.01297 0.00587 0.51801 0.93103 2 
0 0.51667 0.95016 0.01547 0.01038 0.51736 0.94817 2 
0 0.51542 0.97995 0.01954 0.00676 0.51597 0.97987 2 
0 0.71885 0.15356 0.01621 0.01107 0.71921 0.15656 2 
0 0.72107 0.17215 0.02574 0.01379 0.71721 0.17550 2 
0 0.71686 0.29245 0.01329 0.00891 0.71863 0.29326 2 
0 0.71949 0.31253 0.01571 0.00831 0.71983 0.31289 2 
0 0.72102 0.39108 0.02021 0.00624 0.71846 0.39114 2 
0 0.71453 0.41106 0.02021 0.01525 0.71194 0.41364 2 
0 0.72056 0.43119 0.01561 0.00721 0.71942 0.43125 2 
0 0.71981 0.57750 0.01741 0.00468 0.71636 0.57766 2 
0 0.71422 0.59544 0.01699 0.00923 0.71645 0.59575 2 
0 0.71459 0.61910 0.01719 0.00946 0.71533 0.61979 2 
0 0.71968 0.63760 0.01719 0.00802 0.71751 0.63723 2 
0 0.70807 0.84837 0.01717 0.01178 0.71292 0.84888 2 
0 0.72559 0.84563 0.01550 0.00611 0.72083 0.84564 2 
0 0.70853 0.86834 0.01642 0.01327 0.71206 0.86734 2 
0 0.72568 0.86760 0.01559 0.01208 0.72056 0.86551 2 
0 0.80325 0.97874 0.01212 0.00731 0.80757 0.98049 2 
0 0.81060 0.10666 0.00862 0.00862 0.80822 0.10569 2 
0 0.80487 0.12183 0.00774 0.00605 0.80700 0.12092 2 
0 0.80437 0.20666 0.00837 0.00833 0.80609 0.20542 2 
0 0.81029 0.21884 0.00887 0.00862 0.80736 0.21856 2 
0 0.80503 0.34323 0.02165 0.01125 0.80594 0.34569 2 
0 0.80538 0.36054 0.02171 0.01524 0.80744 0.36278 2 
0 0.80374 0.46877 0.00976 0.00862 0.80641 0.46822 2 
0 0.81104 0.48244 0.01089 0.00962 0.80775 0.48310 2 
0 0.81091 0.52967 0.00913 0.00848 0.80899 0.52756 2 
0 0.80490 0.54131 0.00919 0.00940 0.80733 0.54114 2 
0 0.80409 0.67553 0.00818 0.00905 0.80673 0.67481 2 
0 0.81139 0.68665 0.00957 0.01090 0.80832 0.68846 2 
0 0.80450 0.69868 0.00862 0.00662 0.80568 0.69942 2 
0 0.81063 0.79758 0.00881 0.00812 0.80803 0.79785 2 
0 0.80453 0.81193 0.00843 0.00577 0.80717 0.81082 2 
0 0.80446 0.90652 0.00856 0.00890 0.80654 0.90543 2 
0 0.81098 0.92026 0.01076 0.00833 0.80778 0.92088 2 
0 0.86498 0.03071 0.00738 0.00785 0.86640 0.02880 2 
0 0.87012 0.04206 0.00746 0.00621 0.86869 0.04285 2 
0 0.87069 0.06671 0.00694 0.00760 0.86907 0.06531 2 
0 0.86459 0.08177 0.00861 0.00631 0.86718 0.08108 2 
0 0.86492 0.24570 0.00786 0.00780 0.86650 0.24461 2 
0 0.87047 0.25775 0.00948 0.00974 0.86830 0.25972 2 
0 0.87201 0.30347 0.01019 0.00894 0.86959 0.30108 2 
0 0.86266 0.31820 0.01309 0.00740 0.86718 0.31651 2 
0 0.86334 0.38876 0.01032 0.00820 0.86682 0.38802 2 
0 0.87139 0.40404 0.01107 0.01044 0.86824 0.40454 2 
0 0.87328 0.48942 0.01238 0.00944 0.86914 0.48813 2 
0 0.86746 0.50723 0.00364 0.01118 0.86746 0.51063 2 
0 0.87238 0.52047 0.01313 0.01073 0.86798 0.52010 2 
0 0.87159 0.64796 0.00891 0.00800 0.86911 0.64726 2 
0 0.86538 0.66207 0.00624 0.00721 0.86531 0.66263 2 
0 0.86417 0.71363 0.00944 0.00745 0.86611 0.71228 2 
0 0.87045 0.72679 0.00786 0.00716 0.86824 0.72736 2 
0 0.87192 0.75765 0.00984 0.00765 0.86885 0.75684 2 
0 0.86470 0.77408 0.00821 0.00770 0.86701 0.77199 2 
0 0.86417 0.94549 0.00918 0.00875 0.86611 0.94379 2 
0 0.87181 0.95791 0.01111 0.00974 0.86865 0.95912 2 
0 0.87251 0.99217 0.01172 0.00919 0.86952 0.99123 2 
0 0.95398 0.01786 0.00901 0.00717 0.95122 0.01708 2 
0 0.94825 0.03018 0.00818 0.00858 0.95035 0.03059 2 
0 0.94656 0.07703 0.00869 0.00706 0.94935 0.07621 2 
0 0.95280 0.08802 0.00934 0.01010 0.95019 0.08833 2 
0 0.95512 0.25369 0.01211 0.00905 0.95108 0.25370 2 
0 0.94837 0.26650 0.00730 0.00654 0.95035 0.26670 2 
0 0.94666 0.29420 0.00915 0.00806 0.94951 0.29372 2 
0 0.95343 0.30684 0.01059 0.00915 0.95108 0.30837 2 
0 0.95338 0.43866 0.01955 0.00895 0.95097 0.44131 2 
0 0.95382 0.45436 0.03106 0.00905 0.95379 0.45197 2 
0 0.94501 0.55473 0.01277 0.00814 0.94963 0.55530 2 
0 0.95418 0.56762 0.01287 0.01162 0.95033 0.56837 2 
0 0.95459 0.60356 0.01173 0.00932 0.95114 0.60320 2 
0 0.94766 0.61518 0.00943 0.00814 0.95016 0.61551 2 
0 0.95413 0.70789 0.01100 0.00896 0.95116 0.70742 2 
0 0.94761 0.72066 0.01037 0.00997 0.95030 0.72042 2 
0 0.94610 0.76200 0.01016 0.00914 0.94909 0.76104 2 
0 0.95394 0.77509 0.01105 0.00938 0.95010 0.77351 2 
0 0.95399 0.94412 0.01011 0.00914 0.95119 0.94356 2 
0 0.94800 0.95574 0.00928 0.00902 0.95052 0.95539 2 
0 0.94540 0.99307 0.01115 0.00926 0.94864 0.99176 2 
