0 0.20149 0.02086 0.02119 0.00664 0.19955 0.02103 2 
0 0.52244 0.04460 0.01802 0.00566 0.51619 0.04497 2 
0 0.72105 0.01003 0.01684 0.00834 0.71844 0.00958 2 
0 0.95341 0.03146 0.00752 0.00676 0.95128 0.03010 2 
0 0.94901 0.04314 0.00593 0.00922 0.94969 0.04612 2 
0 0.87033 0.07861 0.00718 0.00627 0.86895 0.07774 2 
0 0.86677 0.09077 0.00419 0.00884 0.86740 0.09085 2 
0 0.86980 0.09870 0.00644 0.00613 0.86865 0.10003 2 
0 0.86793 0.34369 0.01041 0.02372 0.86774 0.34338 2 
0 0.80563 0.04917 0.00569 0.00684 0.80689 0.04810 2 
0 0.80888 0.05926 0.00623 0.00873 0.80820 0.06214 2 
0 0.94963 0.14055 0.00811 0.01504 0.94959 0.14086 2 
0 0.40578 0.09863 0.04127 0.01369 0.40447 0.09944 2 
0 0.40578 0.11702 0.04127 0.01637 0.40542 0.11393 2 
0 0.51587 0.06251 0.01330 0.00835 0.51669 0.06226 2 
0 0.20470 0.18376 0.01650 0.00546 0.20128 0.18386 2 
0 0.19671 0.20288 0.01811 0.00797 0.19489 0.20383 2 
0 0.19683 0.20998 0.01806 0.00519 0.19502 0.21001 2 
0 0.20107 0.22621 0.02042 0.00901 0.19720 0.22621 2 
0 0.51484 0.15253 0.02180 0.01284 0.51990 0.15398 2 
0 0.20481 0.39498 0.01489 0.00593 0.20186 0.39479 2 
0 0.16520 0.40687 0.01324 0.00886 0.16620 0.40666 2 
0 0.19686 0.41458 0.02648 0.01417 0.19881 0.41519 2 
0 0.20359 0.43493 0.01644 0.00918 0.19863 0.43448 2 
0 0.19264 0.63934 0.02887 0.00697 0.19548 0.64000 2 
0 0.20459 0.65126 0.02187 0.00519 0.19810 0.65196 2 
0 0.20306 0.65860 0.01881 0.00809 0.19898 0.65795 2 
0 0.19595 0.66872 0.02149 0.00731 0.19611 0.66877 2 
0 0.19257 0.87303 0.02865 0.00711 0.19870 0.87395 2 
0 0.21033 0.89406 0.02648 0.02153 0.20141 0.89632 2 
0 0.19692 0.91530 0.01928 0.00984 0.19774 0.91507 2 
0 0.52248 0.25341 0.02056 0.00561 0.51740 0.25336 2 
0 0.52148 0.17002 0.01662 0.00781 0.51847 0.16958 2 
0 0.51989 0.27282 0.01568 0.00882 0.51955 0.27249 2 
0 0.39730 0.29861 0.01834 0.00934 0.39839 0.30058 2 
0 0.40215 0.31430 0.02221 0.01859 0.39556 0.31729 2 
0 0.39934 0.33166 0.01694 0.01069 0.40235 0.32995 2 
0 0.51886 0.35673 0.02513 0.00980 0.51619 0.35783 2 
0 0.52196 0.37423 0.02177 0.00826 0.51865 0.37467 2 
0 0.39692 0.50782 0.01838 0.01011 0.39752 0.50939 2 
0 0.52247 0.51341 0.01991 0.00680 0.51622 0.51383 2 
0 0.40364 0.53124 0.02223 0.00882 0.40122 0.53222 2 
0 0.51820 0.52969 0.01791 0.00763 0.52040 0.53061 2 
0 0.40450 0.56778 0.02339 0.01117 0.39888 0.56983 2 
0 0.51329 0.57197 0.02196 0.00704 0.51792 0.57239 2 
0 0.52145 0.58795 0.01820 0.00748 0.51876 0.58813 2 
0 0.39899 0.58787 0.01352 0.01084 0.40058 0.58669 2 
0 0.39625 0.73366 0.01855 0.00553 0.39813 0.73387 2 
0 0.40395 0.75077 0.02195 0.00868 0.40164 0.75020 2 
0 0.52217 0.75930 0.01793 0.00549 0.51680 0.75920 2 
0 0.51875 0.77584 0.01914 0.00712 0.52132 0.77575 2 
0 0.40204 0.81504 0.01445 0.00615 0.39985 0.81599 2 
0 0.40124 0.83304 0.01397 0.00708 0.40132 0.83261 2 
0 0.51813 0.79151 0.01422 0.01075 0.51989 0.79159 2 
0 0.51871 0.80914 0.01449 0.01106 0.51703 0.80834 2 
0 0.39495 0.96603 0.02034 0.00638 0.40177 0.96635 2 
0 0.51884 0.98824 0.01515 0.00551 0.51792 0.98806 2 
0 0.40125 0.98467 0.01725 0.00938 0.39984 0.98477 2 
0 0.80922 0.12000 0.00715 0.00755 0.80884 0.11758 2 
0 0.80634 0.13220 0.00560 0.00735 0.80729 0.13320 2 
0 0.72130 0.16913 0.01923 0.00612 0.71773 0.16969 2 
0 0.71828 0.18742 0.01251 0.01307 0.71684 0.18747 2 
0 0.71219 0.23980 0.02280 0.00914 0.71843 0.24015 2 
0 0.72049 0.25775 0.01550 0.00789 0.71894 0.25755 2 
0 0.80593 0.29635 0.00508 0.00673 0.80635 0.29444 2 
0 0.80840 0.30612 0.00587 0.00876 0.80826 0.30866 2 
0 0.95256 0.29022 0.00598 0.00594 0.95169 0.28845 2 
0 0.94942 0.30065 0.00557 0.00827 0.95017 0.30353 2 
0 0.94859 0.38044 0.00498 0.00683 0.94917 0.37831 2 
0 0.95119 0.38868 0.00552 0.00847 0.95120 0.39150 2 
0 0.80920 0.37926 0.00622 0.00686 0.80947 0.37672 2 
0 0.80620 0.39087 0.00543 0.00889 0.80758 0.39184 2 
0 0.72345 0.42843 0.02043 0.00691 0.71822 0.42936 2 
0 0.70832 0.44192 0.03217 0.01807 0.71985 0.44621 2 
0 0.72057 0.46231 0.01668 0.00808 0.71746 0.46247 2 
0 0.80521 0.50167 0.00682 0.00795 0.80634 0.49968 2 
0 0.80932 0.51217 0.00722 0.00872 0.80814 0.51378 2 
0 0.71136 0.65712 0.02449 0.01313 0.71872 0.65994 2 
0 0.72434 0.67626 0.01681 0.01963 0.72178 0.67839 2 
0 0.71688 0.69596 0.01491 0.01474 0.71876 0.69412 2 
0 0.71214 0.87824 0.02311 0.00818 0.71413 0.87825 2 
0 0.71885 0.89618 0.01636 0.00733 0.71806 0.89629 2 
0 0.71793 0.90872 0.01943 0.00494 0.71741 0.90845 2 
0 0.71558 0.92550 0.01718 0.01258 0.71699 0.92445 2 
0 0.80968 0.62694 0.00706 0.00643 0.80862 0.62564 2 
0 0.80549 0.63845 0.00706 0.00799 0.80746 0.63833 2 
0 0.80587 0.71583 0.00501 0.00742 0.80685 0.71396 2 
0 0.80890 0.72508 0.00660 0.00922 0.80792 0.72768 2 
0 0.80998 0.86087 0.00723 0.00745 0.80854 0.85875 2 
0 0.80576 0.87160 0.00710 0.00794 0.80727 0.87272 2 
0 0.80493 0.93597 0.00735 0.00909 0.80635 0.93343 2 
0 0.80996 0.94723 0.00866 0.00812 0.80806 0.94833 2 
0 0.95245 0.98681 0.00633 0.00782 0.95145 0.98459 2 
0 0.86574 0.97471 0.00659 0.00771 0.86681 0.97291 2 
0 0.86956 0.98474 0.00730 0.00814 0.86827 0.98632 2 
0 0.86988 0.82172 0.00680 0.00737 0.86837 0.82030 2 
0 0.86626 0.83366 0.00734 0.00825 0.86714 0.83523 2 
0 0.94862 0.80134 0.00529 0.00696 0.94934 0.79934 2 
0 0.95147 0.81045 0.00738 0.00876 0.95077 0.81279 2 
0 0.95308 0.77270 0.00800 0.00681 0.95142 0.77118 2 
0 0.94849 0.78333 0.00749 0.00672 0.94983 0.78457 2 
0 0.86546 0.75368 0.00587 0.00633 0.86635 0.75181 2 
0 0.86936 0.76305 0.00627 0.00761 0.86840 0.76513 2 
0 0.94803 0.58777 0.00659 0.00735 0.94946 0.58694 2 
0 0.95233 0.59877 0.00828 0.01019 0.95000 0.59942 2 
0 0.95255 0.53843 0.00727 0.00692 0.95103 0.53694 2 
0 0.94880 0.54793 0.00756 0.01002 0.95002 0.55031 2 
0 0.86471 0.53946 0.00804 0.00724 0.86675 0.53833 2 
0 0.87034 0.55019 0.00987 0.00953 0.86905 0.55238 2 
0 0.87051 0.58728 0.00905 0.00822 0.86851 0.58606 2 
0 0.86462 0.60210 0.00987 0.00703 0.86711 0.60128 2 
